,RENW
chart,[]
