timestamp,users_holding
"2019-02-01 13:40:07",0
"2019-02-01 14:40:07",0
"2019-02-01 15:40:07",12
"2019-02-01 16:40:07",12
"2019-02-01 17:40:07",12
"2019-02-01 18:40:08",13
"2019-02-01 19:40:08",14
"2019-02-01 20:40:06",14
"2019-02-01 21:40:08",13
"2019-02-01 22:40:08",13
"2019-02-02 00:05:09",13
"2019-02-02 00:40:08",13
"2019-02-02 01:40:07",13
"2019-02-02 02:40:08",13
"2019-02-02 03:40:07",13
"2019-02-02 04:40:06",13
"2019-02-02 05:40:06",13
"2019-02-02 06:40:07",13
"2019-02-02 07:40:06",13
"2019-02-02 08:40:07",13
"2019-02-02 09:40:08",13
"2019-02-02 10:40:07",13
"2019-02-02 11:40:07",13
"2019-02-02 12:40:07",13
"2019-02-02 13:40:08",13
"2019-02-02 14:40:08",13
"2019-02-02 15:40:07",13
"2019-02-02 16:40:08",13
"2019-02-02 17:40:06",13
"2019-02-02 18:40:08",13
"2019-02-02 19:40:06",13
"2019-02-02 20:40:08",13
"2019-02-02 21:40:06",13
"2019-02-02 22:40:07",13
"2019-02-02 23:40:08",13
"2019-02-03 00:40:08",13
"2019-02-03 01:40:07",13
"2019-02-03 02:40:08",13
"2019-02-03 03:40:07",13
"2019-02-03 04:40:08",13
"2019-02-03 05:40:05",13
"2019-02-03 06:40:07",13
"2019-02-03 07:40:06",13
"2019-02-03 08:40:06",13
"2019-02-03 09:40:08",13
"2019-02-03 10:40:06",13
"2019-02-03 11:40:07",13
"2019-02-03 12:40:07",13
"2019-02-03 13:40:07",13
"2019-02-03 14:40:09",13
"2019-02-03 15:40:07",13
"2019-02-03 16:40:07",13
"2019-02-03 17:40:08",13
"2019-02-03 18:40:09",13
"2019-02-03 19:40:06",13
"2019-02-03 20:40:07",13
"2019-02-03 21:40:07",13
"2019-02-03 22:40:09",13
"2019-02-03 23:40:09",13
"2019-02-04 00:40:08",13
"2019-02-04 01:40:07",13
"2019-02-04 02:40:07",13
"2019-02-04 03:40:07",13
"2019-02-04 04:40:08",13
"2019-02-04 05:40:07",13
"2019-02-04 06:40:06",13
"2019-02-04 07:40:07",13
"2019-02-04 08:40:08",13
"2019-02-04 09:40:06",13
"2019-02-04 10:40:08",13
"2019-02-04 11:40:07",13
"2019-02-04 12:40:06",13
"2019-02-04 13:40:08",13
"2019-02-04 14:40:08",12
"2019-02-04 15:40:09",12
"2019-02-04 16:40:08",12
"2019-02-04 17:40:07",12
"2019-02-04 18:40:08",12
"2019-02-04 19:40:07",12
"2019-02-04 20:40:09",12
"2019-02-04 21:40:07",12
"2019-02-04 22:40:08",12
"2019-02-04 23:40:10",12
"2019-02-05 00:40:09",12
"2019-02-05 01:40:09",12
"2019-02-05 02:40:08",12
"2019-02-05 03:40:07",12
"2019-02-05 04:40:08",12
"2019-02-05 05:40:08",12
"2019-02-05 06:40:09",12
"2019-02-05 07:40:08",12
"2019-02-05 08:40:07",12
"2019-02-05 09:40:07",12
"2019-02-05 10:40:08",12
"2019-02-05 11:40:07",12
"2019-02-05 12:40:06",12
"2019-02-05 13:40:08",12
"2019-02-05 14:40:07",12
"2019-02-05 15:40:07",11
"2019-02-05 16:40:09",13
"2019-02-05 17:40:07",13
"2019-02-05 18:40:08",12
"2019-02-05 19:40:08",13
"2019-02-05 20:40:07",13
"2019-02-05 21:40:07",13
"2019-02-05 22:40:08",12
"2019-02-05 23:40:11",12
"2019-02-06 00:40:09",12
"2019-02-06 01:40:07",12
"2019-02-06 02:40:08",12
"2019-02-06 03:40:07",12
"2019-02-06 04:40:07",12
"2019-02-06 05:40:07",12
"2019-02-06 06:40:08",12
"2019-02-06 07:40:09",12
"2019-02-06 08:40:05",12
"2019-02-06 09:40:04",12
"2019-02-07 02:40:08",10
"2019-02-07 03:40:07",10
"2019-02-07 04:40:08",10
"2019-02-07 05:40:08",10
"2019-02-07 06:40:06",10
"2019-02-07 07:40:07",10
"2019-02-07 08:40:07",10
"2019-02-07 09:40:07",10
"2019-02-07 10:40:08",10
"2019-02-07 11:40:09",10
"2019-02-07 12:40:08",10
"2019-02-07 13:40:07",10
"2019-02-07 15:03:39",11
"2019-02-07 15:40:08",11
"2019-02-07 16:40:12",12
"2019-02-07 17:40:08",12
"2019-02-07 18:40:10",12
"2019-02-07 19:40:10",12
"2019-02-07 20:40:08",12
"2019-02-07 21:40:09",12
"2019-02-07 22:40:07",12
"2019-02-07 23:40:09",12
"2019-02-08 00:40:10",12
"2019-02-08 01:40:09",12
"2019-02-08 02:40:09",12
"2019-02-08 03:40:11",12
"2019-02-08 04:40:08",12
"2019-02-08 05:40:07",12
"2019-02-08 06:40:07",12
"2019-02-08 07:40:08",12
"2019-02-08 08:40:07",12
"2019-02-08 09:40:08",12
"2019-02-08 10:40:09",12
"2019-02-08 11:40:08",12
"2019-02-08 12:40:09",12
"2019-02-08 13:40:09",12
"2019-02-08 15:04:42",11
"2019-02-08 15:40:07",11
"2019-02-08 16:40:07",10
"2019-02-08 17:40:09",10
"2019-02-08 18:40:11",10
"2019-02-08 19:40:09",10
"2019-02-08 20:40:09",10
"2019-02-08 21:40:09",10
"2019-02-08 22:40:07",10
"2019-02-08 23:40:07",10
"2019-02-09 00:40:09",10
"2019-02-09 01:40:08",10
"2019-02-09 02:40:08",10
"2019-02-09 03:40:07",10
"2019-02-09 04:40:08",10
"2019-02-09 05:40:08",10
"2019-02-09 06:40:08",10
"2019-02-09 07:40:08",10
"2019-02-09 08:40:07",10
"2019-02-09 09:40:09",10
"2019-02-09 10:40:08",10
"2019-02-09 11:40:07",10
"2019-02-09 12:40:09",10
"2019-02-09 13:40:08",10
"2019-02-09 14:40:08",10
"2019-02-09 15:40:10",10
"2019-02-09 16:40:08",10
"2019-02-09 17:40:09",10
"2019-02-09 18:40:08",10
"2019-02-09 19:40:08",10
"2019-02-09 20:40:08",10
"2019-02-09 21:40:10",10
"2019-02-09 22:40:08",10
"2019-02-09 23:40:09",10
"2019-02-10 00:40:07",10
"2019-02-10 01:40:09",10
"2019-02-10 02:40:08",10
"2019-02-10 03:40:07",10
"2019-02-10 04:40:09",10
"2019-02-10 05:40:10",10
"2019-02-10 06:40:08",10
"2019-02-10 07:40:07",10
"2019-02-10 08:40:08",10
"2019-02-10 09:40:07",10
"2019-02-10 10:40:08",10
"2019-02-10 11:40:08",10
"2019-02-10 12:40:08",10
"2019-02-10 13:40:09",10
"2019-02-10 14:40:08",10
"2019-02-10 15:40:10",10
"2019-02-10 16:40:10",10
"2019-02-10 17:40:07",10
"2019-02-10 18:40:07",10
"2019-02-10 19:40:09",10
"2019-02-10 20:40:08",10
"2019-02-10 21:40:07",10
"2019-02-10 22:40:09",10
"2019-02-10 23:40:10",10
"2019-02-11 00:40:08",10
"2019-02-11 01:40:10",10
"2019-02-11 02:40:09",10
"2019-02-11 03:40:08",10
"2019-02-11 04:40:11",10
"2019-02-11 05:40:07",10
"2019-02-11 06:40:09",10
"2019-02-11 07:40:07",10
"2019-02-11 08:40:08",10
"2019-02-11 09:40:09",10
"2019-02-11 10:40:09",10
"2019-02-11 11:40:07",10
"2019-02-11 12:40:08",10
"2019-02-11 13:40:08",10
"2019-02-11 14:40:07",10
"2019-02-11 15:40:08",12
"2019-02-11 16:40:08",12
"2019-02-11 17:40:08",12
"2019-02-11 18:40:08",12
"2019-02-11 19:40:08",12
"2019-02-11 20:40:08",12
"2019-02-11 21:40:07",12
"2019-02-11 22:40:07",12
"2019-02-11 23:40:09",12
"2019-02-12 00:40:08",12
"2019-02-12 01:40:07",12
"2019-02-12 02:40:11",12
"2019-02-12 03:40:07",12
"2019-02-12 04:40:09",12
"2019-02-12 05:40:07",12
"2019-02-12 06:40:08",12
"2019-02-12 07:40:06",12
"2019-02-12 08:40:06",12
"2019-02-12 09:40:07",12
"2019-02-12 10:40:07",12
"2019-02-12 11:40:07",12
"2019-02-12 12:40:07",12
"2019-02-12 13:40:07",12
"2019-02-12 14:40:08",12
"2019-02-12 15:40:10",12
"2019-02-12 16:40:08",11
"2019-02-12 17:40:08",11
"2019-02-12 18:40:09",11
"2019-02-12 19:40:08",11
"2019-02-12 20:40:08",11
"2019-02-12 21:40:09",11
"2019-02-12 22:40:08",11
"2019-02-12 23:40:08",11
"2019-02-13 00:40:09",11
"2019-02-13 01:40:11",11
"2019-02-13 02:40:08",11
"2019-02-13 03:40:08",11
"2019-02-13 04:40:09",11
"2019-02-13 05:40:09",11
"2019-02-13 06:40:08",11
"2019-02-13 07:40:09",11
"2019-02-13 08:40:10",11
"2019-02-13 09:40:09",11
"2019-02-13 10:40:10",11
"2019-02-13 11:40:08",11
"2019-02-13 12:40:10",11
"2019-02-13 13:40:08",11
"2019-02-13 14:40:08",11
"2019-02-13 15:40:09",11
"2019-02-13 16:40:08",11
"2019-02-13 17:40:10",11
"2019-02-13 18:40:09",11
"2019-02-13 19:40:08",11
"2019-02-13 20:40:09",11
"2019-02-13 21:40:09",11
"2019-02-13 22:40:08",11
"2019-02-13 23:40:09",11
"2019-02-14 00:40:08",11
"2019-02-14 01:40:09",11
"2019-02-14 02:40:09",11
"2019-02-14 03:40:11",11
"2019-02-14 04:40:08",11
"2019-02-14 05:40:11",11
"2019-02-14 06:40:08",11
"2019-02-14 07:40:08",11
"2019-02-14 08:40:08",11
"2019-02-14 09:40:09",11
"2019-02-14 10:40:10",11
"2019-02-14 11:40:09",11
"2019-02-14 12:40:08",11
"2019-02-14 13:40:09",11
"2019-02-14 14:40:09",11
"2019-02-14 15:40:11",11
"2019-02-14 16:40:08",11
"2019-02-14 17:40:09",11
"2019-02-14 18:40:09",11
"2019-02-14 19:40:08",11
"2019-02-14 20:40:10",11
"2019-02-14 21:40:08",13
"2019-02-14 22:40:09",13
"2019-02-15 00:40:09",13
"2019-02-15 01:40:08",13
"2019-02-15 02:40:10",13
"2019-02-15 03:40:11",13
"2019-02-15 04:40:12",13
"2019-02-15 05:40:08",13
"2019-02-15 06:40:08",13
"2019-02-15 07:40:09",13
"2019-02-15 08:40:10",13
"2019-02-15 09:40:09",13
"2019-02-15 10:40:10",13
"2019-02-15 11:40:09",13
"2019-02-15 12:40:08",13
"2019-02-15 14:05:11",13
"2019-02-15 14:40:11",13
"2019-02-15 15:40:13",10
"2019-02-15 16:40:12",10
"2019-02-15 17:40:08",10
"2019-02-15 18:40:11",10
"2019-02-15 19:40:09",10
"2019-02-15 20:40:09",10
"2019-02-15 21:40:11",10
"2019-02-15 22:40:08",10
"2019-02-15 23:40:09",10
"2019-02-16 00:40:10",10
"2019-02-16 01:40:15",10
"2019-02-16 02:40:13",10
"2019-02-16 03:40:11",10
"2019-02-16 04:40:08",10
"2019-02-16 05:40:10",10
"2019-02-16 06:40:09",10
"2019-02-16 07:40:08",10
"2019-02-16 08:40:09",10
"2019-02-16 09:40:11",10
"2019-02-16 10:40:10",10
"2019-02-16 11:40:08",10
"2019-02-16 12:40:10",10
"2019-02-16 13:40:10",10
"2019-02-16 14:40:08",10
"2019-02-16 15:40:13",10
"2019-02-16 16:40:08",10
"2019-02-16 17:40:08",10
"2019-02-16 18:40:10",10
"2019-02-16 19:40:08",10
"2019-02-16 20:40:10",10
"2019-02-16 21:40:10",10
"2019-02-16 22:40:10",10
"2019-02-16 23:40:08",10
"2019-02-17 00:40:10",10
"2019-02-17 01:40:10",10
"2019-02-17 02:40:08",10
"2019-02-17 03:40:09",10
"2019-02-17 04:40:07",10
"2019-02-17 05:40:09",10
"2019-02-17 06:40:08",10
"2019-02-17 07:40:09",10
"2019-02-17 08:40:09",10
"2019-02-17 09:40:08",10
"2019-02-17 10:40:08",10
"2019-02-17 11:40:11",10
"2019-02-17 12:40:08",10
"2019-02-17 13:40:10",10
"2019-02-17 14:40:08",10
"2019-02-17 15:40:10",10
"2019-02-17 16:40:10",10
"2019-02-17 17:40:09",10
"2019-02-17 18:40:10",10
"2019-02-17 19:40:09",10
"2019-02-17 20:40:09",10
"2019-02-17 21:40:08",10
"2019-02-17 22:40:09",10
"2019-02-17 23:40:10",10
"2019-02-18 00:40:09",10
"2019-02-18 01:40:10",10
"2019-02-18 02:40:11",10
"2019-02-18 03:40:10",10
"2019-02-18 04:40:08",10
"2019-02-18 05:40:09",10
"2019-02-18 06:40:08",10
"2019-02-18 07:40:09",10
"2019-02-18 08:40:09",10
"2019-02-18 09:40:11",10
"2019-02-18 10:40:09",10
"2019-02-18 11:40:09",10
"2019-02-18 12:40:10",10
"2019-02-18 13:40:14",10
"2019-02-18 14:40:08",10
"2019-02-18 15:40:10",10
"2019-02-18 16:40:09",10
"2019-02-18 17:40:10",10
"2019-02-18 18:40:10",10
"2019-02-18 19:40:10",10
"2019-02-18 20:40:09",10
"2019-02-18 21:40:08",10
"2019-02-18 22:40:07",10
"2019-02-18 23:40:09",10
"2019-02-19 00:40:08",10
"2019-02-19 01:40:12",10
"2019-02-19 02:40:09",10
"2019-02-19 03:40:10",10
"2019-02-19 04:40:09",10
"2019-02-19 05:40:08",10
"2019-02-19 06:40:09",10
"2019-02-19 07:40:10",10
"2019-02-19 08:40:09",10
"2019-02-19 09:40:08",10
"2019-02-19 10:40:08",10
"2019-02-19 11:40:07",10
"2019-02-19 12:40:08",10
"2019-02-19 14:04:41",10
"2019-02-19 14:40:11",10
"2019-02-19 15:40:11",10
"2019-02-19 16:40:10",10
"2019-02-19 17:40:10",10
"2019-02-19 18:40:12",11
"2019-02-19 19:40:10",11
"2019-02-19 20:40:11",10
"2019-02-19 21:40:10",10
"2019-02-19 22:40:09",10
"2019-02-19 23:40:08",10
"2019-02-20 00:40:13",10
"2019-02-20 01:40:09",10
"2019-02-20 02:40:10",10
"2019-02-20 03:40:13",10
"2019-02-20 04:40:11",10
"2019-02-20 05:40:09",10
"2019-02-20 06:40:11",10
"2019-02-20 07:40:08",10
"2019-02-20 08:40:10",10
"2019-02-20 09:40:09",10
"2019-02-20 10:40:10",10
"2019-02-20 11:40:11",10
"2019-02-20 12:40:09",10
"2019-02-20 13:40:09",10
"2019-02-20 14:40:10",10
"2019-02-20 15:40:10",11
"2019-02-20 16:40:09",11
"2019-02-20 17:40:10",11
"2019-02-20 18:40:09",11
"2019-02-20 19:40:10",11
"2019-02-20 20:40:10",11
"2019-02-20 21:40:11",10
"2019-02-20 22:40:10",10
"2019-02-20 23:40:08",10
"2019-02-21 00:40:10",10
"2019-02-21 01:40:11",10
"2019-02-21 02:40:11",10
"2019-02-21 03:40:09",10
"2019-02-21 04:40:08",10
"2019-02-21 05:40:11",10
"2019-02-21 06:40:09",10
"2019-02-21 07:40:09",10
"2019-02-21 08:40:08",10
"2019-02-21 09:40:09",10
"2019-02-21 10:40:09",10
"2019-02-21 11:40:10",10
"2019-02-21 12:40:07",10
"2019-02-21 13:40:09",10
"2019-02-21 14:40:10",10
"2019-02-21 15:40:11",12
"2019-02-21 17:04:11",13
"2019-02-21 17:40:08",13
"2019-02-21 18:40:08",13
"2019-02-21 19:40:08",13
"2019-02-21 20:40:11",13
"2019-02-21 21:40:08",14
"2019-02-21 22:40:08",14
"2019-02-21 23:40:08",14
"2019-02-22 00:40:09",14
"2019-02-22 01:40:11",14
"2019-02-22 02:40:09",14
"2019-02-22 03:40:10",14
"2019-02-22 04:40:08",14
"2019-02-22 05:40:08",14
"2019-02-22 06:40:08",14
"2019-02-22 07:40:11",14
"2019-02-22 08:40:11",14
"2019-02-22 09:40:09",14
"2019-02-22 10:40:08",14
"2019-02-22 11:40:10",14
"2019-02-22 12:40:08",14
"2019-02-22 13:40:08",14
"2019-02-22 14:40:09",14
"2019-02-22 15:40:10",14
"2019-02-22 16:40:08",13
"2019-02-22 17:40:09",13
"2019-02-22 18:40:09",13
"2019-02-22 19:40:07",13
"2019-02-22 20:40:07",13
"2019-02-22 21:40:11",13
"2019-02-22 22:40:09",13
"2019-02-22 23:40:11",13
"2019-02-23 00:40:08",13
"2019-02-23 01:40:10",13
"2019-02-23 02:40:10",13
"2019-02-23 03:40:10",13
"2019-02-23 04:40:08",13
"2019-02-23 05:40:09",13
"2019-02-23 06:40:08",13
"2019-02-23 07:40:07",13
"2019-02-23 08:40:09",13
"2019-02-23 09:40:08",13
"2019-02-23 10:40:09",13
"2019-02-23 11:40:10",13
"2019-02-23 12:40:08",13
"2019-02-23 13:40:07",13
"2019-02-23 14:40:09",13
"2019-02-23 15:40:09",13
"2019-02-23 16:40:08",13
"2019-02-23 17:40:08",13
"2019-02-23 18:40:08",13
"2019-02-23 19:40:08",13
"2019-02-23 20:40:09",13
"2019-02-23 21:40:10",13
"2019-02-23 22:40:08",13
"2019-02-23 23:40:08",13
"2019-02-24 00:40:10",13
"2019-02-24 01:40:09",13
"2019-02-24 02:40:09",13
"2019-02-24 03:40:09",13
"2019-02-24 04:40:09",13
"2019-02-24 05:40:09",13
"2019-02-24 06:40:08",13
"2019-02-24 07:40:10",13
"2019-02-24 08:40:08",13
"2019-02-24 09:40:09",13
"2019-02-24 10:40:08",13
"2019-02-24 11:40:08",13
"2019-02-24 12:40:08",13
"2019-02-24 13:40:08",13
"2019-02-24 14:40:08",13
"2019-02-24 15:40:10",13
"2019-02-24 16:40:09",13
"2019-02-24 17:40:10",13
"2019-02-24 18:40:11",13
"2019-02-24 19:40:09",13
"2019-02-24 20:40:08",13
"2019-02-24 21:40:08",13
"2019-02-24 22:40:09",13
"2019-02-24 23:37:10",13
"2019-02-24 23:40:08",13
"2019-02-25 00:40:10",13
"2019-02-25 01:40:09",13
"2019-02-25 02:40:08",13
"2019-02-25 03:40:09",13
"2019-02-25 04:40:08",13
"2019-02-25 05:40:08",13
"2019-02-25 06:40:08",13
"2019-02-25 07:40:09",13
"2019-02-25 08:40:07",13
"2019-02-25 09:40:09",13
"2019-02-25 10:40:09",13
"2019-02-25 11:40:10",13
"2019-02-25 12:40:08",13
"2019-02-25 14:05:12",13
"2019-02-25 14:40:09",13
"2019-02-25 15:40:09",12
"2019-02-25 16:40:09",12
"2019-02-25 17:40:10",12
"2019-02-25 18:40:11",13
"2019-02-25 19:40:08",13
"2019-02-25 20:40:09",13
"2019-02-25 21:40:09",13
"2019-02-25 22:40:09",13
"2019-02-25 23:40:10",13
"2019-02-26 00:40:10",13
"2019-02-26 01:40:09",13
"2019-02-26 02:40:10",13
"2019-02-26 03:40:10",13
"2019-02-26 04:40:11",13
"2019-02-26 05:40:08",13
"2019-02-26 06:40:09",13
"2019-02-26 07:40:10",13
"2019-02-26 08:40:09",13
"2019-02-26 09:40:11",13
"2019-02-26 10:40:08",13
"2019-02-26 11:40:10",13
"2019-02-26 12:40:08",13
"2019-02-26 13:40:09",13
"2019-02-26 14:40:09",13
"2019-02-26 15:40:11",13
"2019-02-26 16:40:09",13
"2019-02-26 17:40:08",14
"2019-02-26 18:40:08",14
"2019-02-26 19:40:11",14
"2019-02-26 20:40:10",13
"2019-02-26 21:40:08",12
"2019-02-26 22:40:11",12
"2019-02-26 23:40:10",12
"2019-02-27 00:40:11",12
"2019-02-27 01:40:11",12
"2019-02-27 02:40:09",12
"2019-02-27 03:40:15",12
"2019-02-27 04:40:11",12
"2019-02-27 05:40:10",12
"2019-02-27 06:40:12",12
"2019-02-27 07:40:11",12
"2019-02-27 08:40:11",12
"2019-02-27 09:40:08",12
"2019-02-27 10:40:09",12
"2019-02-27 11:40:12",12
"2019-02-27 12:40:14",12
"2019-02-27 13:40:10",12
"2019-02-27 14:40:10",12
"2019-02-27 15:40:12",12
"2019-02-27 16:40:09",12
"2019-02-27 17:40:09",12
"2019-02-27 18:40:11",12
"2019-02-27 19:40:12",12
"2019-02-27 20:40:10",13
"2019-02-27 21:40:10",12
"2019-02-27 22:40:12",12
"2019-02-27 23:40:10",12
"2019-02-28 00:40:10",12
"2019-02-28 01:40:08",12
"2019-02-28 02:40:10",12
"2019-02-28 03:40:15",12
"2019-02-28 04:40:10",12
"2019-02-28 05:40:09",12
"2019-02-28 06:40:08",12
"2019-02-28 07:40:10",12
"2019-02-28 08:40:09",12
"2019-02-28 09:40:08",12
"2019-02-28 10:40:10",12
"2019-02-28 11:40:09",12
"2019-02-28 12:40:11",12
"2019-02-28 13:40:10",12
"2019-02-28 15:04:14",12
"2019-02-28 15:40:09",12
"2019-02-28 16:40:13",13
"2019-02-28 17:40:10",12
"2019-02-28 18:40:12",13
"2019-02-28 19:40:11",13
"2019-02-28 20:40:09",14
"2019-02-28 21:40:10",14
"2019-02-28 22:40:11",14
"2019-02-28 23:40:09",14
"2019-03-01 00:40:11",14
"2019-03-01 01:40:11",14
"2019-03-01 02:40:12",14
"2019-03-01 03:40:13",14
"2019-03-01 04:40:11",14
"2019-03-01 05:40:12",14
"2019-03-01 06:40:10",14
"2019-03-01 07:40:12",14
"2019-03-01 08:40:11",14
"2019-03-01 09:40:09",14
"2019-03-01 10:40:11",14
"2019-03-01 11:40:10",14
"2019-03-01 12:40:09",14
"2019-03-01 13:40:14",14
"2019-03-01 14:40:11",14
"2019-03-01 15:40:10",15
"2019-03-01 16:40:10",15
"2019-03-01 17:40:11",15
"2019-03-01 18:40:11",15
"2019-03-01 19:40:12",15
"2019-03-01 20:40:13",15
"2019-03-01 21:40:11",15
"2019-03-01 22:40:12",15
"2019-03-01 23:40:11",15
"2019-03-02 07:40:09",15
"2019-03-02 08:40:12",15
"2019-03-02 09:40:10",15
"2019-03-02 10:40:11",15
"2019-03-02 11:40:11",15
"2019-03-02 15:40:13",15
"2019-03-02 16:40:11",15
"2019-03-02 17:40:11",15
"2019-03-04 02:40:10",15
"2019-03-04 07:40:11",15
"2019-03-04 10:40:08",15
"2019-03-04 11:40:11",15
"2019-03-04 12:40:09",15
"2019-03-04 13:40:10",15
"2019-03-04 14:40:11",15
"2019-03-04 15:40:10",14
"2019-03-04 16:40:11",11
"2019-03-04 17:40:12",11
"2019-03-04 18:40:10",11
"2019-03-04 19:40:10",10
"2019-03-04 20:40:10",10
"2019-03-04 21:40:10",12
"2019-03-04 22:40:11",12
"2019-03-04 23:40:10",12
"2019-03-05 00:40:12",12
"2019-03-05 01:40:11",12
"2019-03-05 02:40:12",12
"2019-03-05 03:40:12",12
"2019-03-05 04:40:10",12
"2019-03-05 05:40:10",12
"2019-03-05 06:40:10",12
"2019-03-05 07:40:10",12
"2019-03-05 08:40:10",12
"2019-03-05 09:40:12",12
"2019-03-05 10:40:10",12
"2019-03-05 11:40:09",12
"2019-03-05 12:40:11",12
"2019-03-05 14:05:16",12
"2019-03-05 14:40:11",12
"2019-03-05 15:40:12",12
"2019-03-05 16:40:11",12
"2019-03-05 17:40:12",12
"2019-03-05 18:40:12",12
"2019-03-05 19:40:11",12
"2019-03-05 20:40:13",12
"2019-03-05 21:40:11",11
"2019-03-05 22:40:14",11
"2019-03-05 23:40:13",11
"2019-03-06 00:40:12",11
"2019-03-06 01:40:12",11
"2019-03-06 02:40:11",11
"2019-03-06 03:40:12",11
"2019-03-06 04:40:12",11
"2019-03-06 05:40:11",11
"2019-03-06 06:40:15",11
"2019-03-06 07:40:11",11
"2019-03-06 08:40:10",11
"2019-03-06 09:40:11",11
"2019-03-06 10:40:11",11
"2019-03-06 11:40:29",11
"2019-03-06 12:40:14",11
"2019-03-06 14:04:50",11
"2019-03-06 14:40:23",11
"2019-03-06 15:40:18",11
"2019-03-06 16:40:10",12
"2019-03-06 17:40:14",12
"2019-03-06 18:40:13",12
"2019-03-06 19:40:12",11
"2019-03-06 20:40:11",11
"2019-03-06 21:40:11",12
"2019-03-06 22:40:10",12
"2019-03-06 23:40:12",12
"2019-03-07 00:40:11",12
"2019-03-07 01:40:11",12
"2019-03-07 02:40:11",12
"2019-03-07 03:40:12",12
"2019-03-07 04:40:14",12
"2019-03-07 05:40:12",12
"2019-03-07 06:40:11",12
"2019-03-07 07:40:10",12
"2019-03-07 08:40:12",12
"2019-03-07 09:40:11",12
"2019-03-07 10:40:11",12
"2019-03-07 11:40:10",12
"2019-03-07 12:40:09",12
"2019-03-07 13:40:12",12
"2019-03-07 14:40:14",12
"2019-03-07 15:40:10",11
"2019-03-07 16:40:11",11
"2019-03-07 17:40:12",11
"2019-03-07 18:40:13",11
"2019-03-07 20:04:46",11
"2019-03-07 20:40:12",11
"2019-03-07 21:40:13",11
"2019-03-07 22:40:16",11
"2019-03-07 23:40:11",11
"2019-03-08 00:40:12",11
"2019-03-08 01:40:12",11
"2019-03-08 02:40:12",11
"2019-03-08 03:40:13",11
"2019-03-08 04:40:11",11
"2019-03-08 05:40:11",11
"2019-03-08 06:40:12",11
"2019-03-08 07:40:13",11
"2019-03-08 08:40:12",11
"2019-03-08 09:40:11",11
"2019-03-08 10:40:12",11
"2019-03-08 11:40:13",11
"2019-03-08 12:40:11",11
"2019-03-08 14:05:16",11
"2019-03-08 14:40:11",11
"2019-03-08 15:40:13",11
"2019-03-08 16:40:12",11
"2019-03-08 17:40:11",11
"2019-03-08 18:40:14",11
"2019-03-08 19:40:14",11
"2019-03-08 20:40:11",11
"2019-03-08 21:40:17",11
"2019-03-08 22:40:10",11
"2019-03-08 23:40:14",11
"2019-03-09 00:40:15",11
"2019-03-09 01:40:12",11
"2019-03-09 02:40:12",11
"2019-03-09 03:40:13",11
"2019-03-09 04:40:13",11
"2019-03-09 05:40:12",11
"2019-03-09 06:40:12",11
"2019-03-09 07:40:12",11
"2019-03-09 08:40:11",11
"2019-03-09 09:40:10",11
"2019-03-09 10:40:13",11
"2019-03-09 11:40:12",11
"2019-03-09 12:40:12",11
"2019-03-09 13:40:11",11
"2019-03-09 14:40:11",11
"2019-03-09 15:40:14",11
"2019-03-09 16:40:11",11
"2019-03-09 17:40:13",11
"2019-03-09 18:40:13",11
"2019-03-09 19:40:11",11
"2019-03-09 20:40:11",11
"2019-03-09 21:40:12",11
"2019-03-09 22:40:12",11
"2019-03-09 23:40:12",11
"2019-03-10 00:40:11",11
"2019-03-10 01:40:12",11
"2019-03-10 02:40:14",11
"2019-03-10 03:40:12",11
"2019-03-10 04:40:13",11
"2019-03-10 05:40:12",11
"2019-03-10 06:40:13",11
"2019-03-10 07:40:11",11
"2019-03-10 08:40:12",11
"2019-03-10 09:40:11",11
"2019-03-10 10:40:11",11
"2019-03-10 11:40:12",11
"2019-03-10 12:40:13",11
"2019-03-10 13:40:10",11
"2019-03-10 14:40:12",11
"2019-03-10 15:40:12",11
"2019-03-10 16:40:12",11
"2019-03-10 17:40:14",11
"2019-03-10 18:40:14",11
"2019-03-10 19:40:12",11
"2019-03-10 20:40:11",11
"2019-03-10 21:40:11",11
"2019-03-10 22:40:10",11
"2019-03-10 23:40:13",11
"2019-03-11 00:40:13",11
"2019-03-11 01:40:13",11
"2019-03-11 02:40:11",11
"2019-03-11 03:40:11",11
"2019-03-11 04:40:12",11
"2019-03-11 05:40:12",11
"2019-03-11 06:40:11",11
"2019-03-11 07:40:11",11
"2019-03-11 08:40:10",11
"2019-03-11 09:40:12",11
"2019-03-11 10:40:13",11
"2019-03-11 11:40:11",11
"2019-03-11 12:40:15",11
"2019-03-11 13:40:12",11
"2019-03-11 14:40:14",11
"2019-03-11 15:40:12",11
"2019-03-11 16:40:12",12
"2019-03-11 17:40:12",12
"2019-03-11 18:40:12",12
"2019-03-11 19:40:12",13
"2019-03-11 20:40:12",13
"2019-03-11 21:40:14",13
"2019-03-11 22:40:12",13
"2019-03-11 23:40:13",13
"2019-03-12 00:40:14",13
"2019-03-12 01:40:10",13
"2019-03-12 02:40:11",13
"2019-03-12 03:40:12",13
"2019-03-12 04:40:11",13
"2019-03-12 05:40:12",13
"2019-03-12 06:40:13",13
"2019-03-12 07:40:10",13
"2019-03-12 08:40:12",13
"2019-03-12 09:40:12",13
"2019-03-12 10:40:15",13
"2019-03-12 11:40:12",13
"2019-03-12 12:40:13",13
"2019-03-12 13:40:12",13
"2019-03-12 14:40:10",14
"2019-03-12 15:40:11",15
"2019-03-12 16:40:12",14
"2019-03-12 17:40:10",14
"2019-03-12 18:40:12",14
"2019-03-12 19:40:10",13
"2019-03-12 20:40:12",13
"2019-03-12 21:40:12",13
"2019-03-12 22:40:11",13
"2019-03-12 23:40:13",13
"2019-03-13 00:40:11",13
"2019-03-13 01:40:12",13
"2019-03-13 02:40:11",13
"2019-03-13 03:40:13",13
"2019-03-13 04:40:12",13
"2019-03-13 05:40:11",13
"2019-03-13 06:40:10",13
"2019-03-13 07:40:14",13
"2019-03-13 08:40:10",13
"2019-03-13 09:40:11",13
"2019-03-13 10:40:10",13
"2019-03-13 11:40:11",13
"2019-03-13 13:04:13",13
"2019-03-13 13:40:10",13
"2019-03-13 14:40:11",13
"2019-03-13 15:40:11",13
"2019-03-13 16:40:11",14
"2019-03-13 17:40:13",14
"2019-03-13 18:40:11",14
"2019-03-13 19:40:11",14
"2019-03-13 20:40:11",15
"2019-03-13 21:40:13",15
"2019-03-13 22:40:10",15
"2019-03-13 23:40:12",15
"2019-03-14 00:40:10",15
"2019-03-14 01:40:13",15
"2019-03-14 02:40:13",15
"2019-03-14 03:40:10",15
"2019-03-14 04:40:12",15
"2019-03-14 05:40:10",15
"2019-03-14 06:40:12",15
"2019-03-14 07:40:11",15
"2019-03-14 08:40:10",15
"2019-03-14 09:40:10",15
"2019-03-14 10:40:12",15
"2019-03-14 11:40:11",15
"2019-03-14 13:04:46",15
"2019-03-14 13:40:11",15
"2019-03-14 14:40:11",15
"2019-03-14 15:40:11",15
"2019-03-14 16:40:12",15
"2019-03-14 17:40:12",15
"2019-03-14 18:40:11",16
"2019-03-14 19:40:15",17
"2019-03-14 20:40:11",18
"2019-03-14 21:40:12",18
"2019-03-14 22:40:14",18
"2019-03-14 23:40:14",18
"2019-03-15 00:40:13",18
"2019-03-15 01:40:11",18
"2019-03-15 02:40:14",18
"2019-03-15 03:40:12",18
"2019-03-15 04:40:12",18
"2019-03-15 05:40:11",18
"2019-03-15 06:40:10",18
"2019-03-15 07:40:11",18
"2019-03-15 08:40:12",18
"2019-03-15 09:40:12",18
"2019-03-15 10:40:13",18
"2019-03-15 11:40:13",18
"2019-03-15 12:40:13",18
"2019-03-15 13:40:12",18
"2019-03-15 14:40:12",19
"2019-03-15 15:40:14",19
"2019-03-15 16:40:13",18
"2019-03-15 17:40:15",18
"2019-03-15 18:40:13",18
"2019-03-15 19:40:12",18
"2019-03-15 20:40:12",18
"2019-03-15 21:40:11",18
"2019-03-15 22:40:11",18
"2019-03-15 23:40:14",18
"2019-03-16 00:40:12",18
"2019-03-16 01:40:11",18
"2019-03-16 02:40:13",18
"2019-03-16 03:40:12",18
"2019-03-16 04:40:13",18
"2019-03-16 05:40:13",18
"2019-03-16 06:40:13",18
"2019-03-16 07:40:13",18
"2019-03-16 08:40:15",18
"2019-03-16 09:40:12",18
"2019-03-16 10:40:12",18
"2019-03-16 11:40:12",18
"2019-03-16 12:40:12",18
"2019-03-16 13:40:12",18
"2019-03-16 14:40:12",18
"2019-03-16 15:40:13",18
"2019-03-16 16:40:12",18
"2019-03-16 17:40:11",18
"2019-03-16 18:40:12",18
"2019-03-16 19:40:12",18
"2019-03-16 20:40:13",18
"2019-03-16 21:40:13",18
"2019-03-16 22:40:14",18
"2019-03-16 23:40:12",18
"2019-03-17 00:40:14",18
"2019-03-17 01:40:13",18
"2019-03-17 02:40:14",18
"2019-03-17 03:40:13",18
"2019-03-17 04:40:12",18
"2019-03-17 05:40:14",18
"2019-03-17 06:40:11",18
"2019-03-17 07:40:12",18
"2019-03-17 08:40:11",18
"2019-03-17 09:40:14",18
"2019-03-17 10:40:12",18
"2019-03-17 11:40:12",18
"2019-03-17 12:40:13",18
"2019-03-17 13:40:12",18
"2019-03-17 14:40:11",18
"2019-03-17 15:40:11",18
"2019-03-17 16:40:11",18
"2019-03-17 17:40:10",18
"2019-03-17 18:40:11",18
"2019-03-17 19:40:11",18
"2019-03-17 20:40:11",18
"2019-03-17 21:40:11",18
"2019-03-17 22:40:10",18
"2019-03-17 23:40:12",18
"2019-03-18 00:40:11",18
"2019-03-18 01:40:12",18
"2019-03-18 02:40:13",18
"2019-03-18 03:40:12",18
"2019-03-18 04:40:11",18
"2019-03-18 05:40:11",18
"2019-03-18 06:40:11",18
"2019-03-18 07:40:12",18
"2019-03-18 08:40:10",18
"2019-03-18 09:40:13",18
"2019-03-18 10:40:12",18
"2019-03-18 11:40:10",18
"2019-03-18 12:40:14",18
"2019-03-18 13:40:14",18
"2019-03-18 14:40:14",17
"2019-03-18 15:40:16",17
"2019-03-18 16:40:12",17
"2019-03-18 17:40:15",17
"2019-03-18 18:40:15",17
"2019-03-18 19:40:15",17
"2019-03-18 20:40:14",17
"2019-03-18 21:40:14",17
"2019-03-18 22:40:16",17
"2019-03-18 23:40:14",17
"2019-03-19 00:40:18",17
"2019-03-19 01:40:15",17
"2019-03-19 02:40:16",17
"2019-03-19 03:40:12",17
"2019-03-19 04:40:13",17
"2019-03-19 05:40:11",17
"2019-03-19 06:40:16",17
"2019-03-19 07:40:14",17
"2019-03-19 08:40:13",17
"2019-03-19 09:40:14",17
"2019-03-19 10:40:12",17
"2019-03-19 11:40:13",17
"2019-03-19 12:40:15",17
"2019-03-19 13:40:13",17
"2019-03-19 14:40:14",18
"2019-03-19 15:40:14",19
"2019-03-19 16:40:13",19
"2019-03-19 17:40:15",19
"2019-03-19 18:40:14",19
"2019-03-19 19:40:14",19
"2019-03-19 20:40:14",19
"2019-03-19 21:40:17",19
"2019-03-19 22:40:15",19
"2019-03-19 23:40:15",19
"2019-03-20 00:40:15",19
"2019-03-20 01:40:16",19
"2019-03-20 02:40:14",19
"2019-03-20 03:40:15",19
"2019-03-20 04:40:14",19
"2019-03-20 05:40:14",19
"2019-03-20 06:40:18",19
"2019-03-20 07:40:16",19
"2019-03-20 08:40:17",19
"2019-03-20 09:40:15",19
"2019-03-20 10:40:15",19
"2019-03-20 11:40:15",19
"2019-03-20 13:04:21",19
"2019-03-20 13:40:15",19
"2019-03-20 14:40:16",19
"2019-03-20 15:40:19",20
"2019-03-20 16:40:16",19
"2019-03-20 17:40:16",19
"2019-03-20 18:40:15",19
"2019-03-20 19:40:14",19
"2019-03-20 20:40:13",19
"2019-03-20 21:40:13",19
"2019-03-20 22:40:13",19
"2019-03-20 23:40:12",19
"2019-03-21 00:40:13",19
"2019-03-21 01:40:13",19
"2019-03-21 02:40:15",19
"2019-03-21 03:40:14",19
"2019-03-21 04:40:13",19
"2019-03-21 05:40:16",19
"2019-03-21 06:40:12",19
"2019-03-21 07:40:13",19
"2019-03-21 08:40:11",19
"2019-03-21 09:40:13",19
"2019-03-21 10:40:13",19
"2019-03-21 11:40:14",19
"2019-03-21 13:05:16",19
"2019-03-21 13:40:12",19
"2019-03-21 14:40:12",19
"2019-03-21 15:40:13",19
"2019-03-21 16:40:12",19
"2019-03-21 17:40:12",19
"2019-03-21 18:40:12",19
"2019-03-21 19:40:12",19
"2019-03-21 20:40:10",19
"2019-03-21 21:40:10",19
"2019-03-21 22:40:11",19
"2019-03-21 23:40:12",19
"2019-03-22 00:40:12",19
"2019-03-22 01:40:10",19
"2019-03-22 02:40:15",19
"2019-03-22 03:40:12",19
"2019-03-22 04:40:10",19
"2019-03-22 05:40:12",19
"2019-03-22 06:40:10",19
"2019-03-22 07:40:11",19
"2019-03-22 08:40:19",19
"2019-03-22 09:40:12",19
"2019-03-22 10:40:11",19
"2019-03-22 11:40:10",19
"2019-03-22 12:40:14",19
"2019-03-22 13:40:11",19
"2019-03-22 14:40:10",18
"2019-03-22 15:40:11",19
"2019-03-22 16:40:11",19
"2019-03-22 17:40:13",19
"2019-03-22 18:40:12",19
"2019-03-22 19:40:12",19
"2019-03-22 20:40:11",19
"2019-03-22 21:40:11",19
"2019-03-22 22:40:11",19
"2019-03-22 23:40:10",19
"2019-03-23 00:40:11",19
"2019-03-23 01:40:16",19
"2019-03-23 02:40:12",19
"2019-03-23 03:40:11",19
"2019-03-23 04:40:10",19
"2019-03-23 05:40:11",19
"2019-03-23 06:40:11",19
"2019-03-23 07:40:14",19
"2019-03-23 08:40:11",19
"2019-03-23 09:40:12",19
"2019-03-23 10:40:10",19
"2019-03-23 11:40:11",19
"2019-03-23 12:40:10",19
"2019-03-23 13:40:13",19
"2019-03-23 14:40:11",19
"2019-03-23 15:40:12",19
"2019-03-23 16:40:10",19
"2019-03-23 17:40:10",19
"2019-03-23 18:40:11",19
"2019-03-23 19:40:14",19
"2019-03-23 20:40:12",19
"2019-03-23 21:40:11",19
"2019-03-23 22:40:12",19
"2019-03-23 23:40:11",19
"2019-03-24 00:40:11",19
"2019-03-24 01:40:12",19
"2019-03-24 02:40:12",19
"2019-03-24 03:40:13",19
"2019-03-24 04:40:16",19
"2019-03-24 05:40:12",19
"2019-03-24 06:40:12",19
"2019-03-24 07:40:12",19
"2019-03-24 08:40:11",19
"2019-03-24 09:40:17",19
"2019-03-24 10:40:13",19
"2019-03-24 11:40:11",19
"2019-03-24 12:40:11",19
"2019-03-24 13:40:14",19
"2019-03-24 14:40:11",19
"2019-03-24 15:40:12",19
"2019-03-24 16:40:11",19
"2019-03-24 17:40:12",19
"2019-03-24 18:40:12",19
"2019-03-24 19:40:11",19
"2019-03-24 20:40:11",19
"2019-03-24 21:40:17",19
"2019-03-24 22:40:12",19
"2019-03-24 23:40:12",19
"2019-03-25 00:40:12",19
"2019-03-25 01:40:12",19
"2019-03-25 02:40:12",19
"2019-03-25 03:40:17",19
"2019-03-25 04:40:12",19
"2019-03-25 05:40:12",19
"2019-03-25 06:40:11",19
"2019-03-25 07:40:12",19
"2019-03-25 08:40:14",19
"2019-03-25 09:40:12",19
"2019-03-25 10:40:12",19
"2019-03-25 11:40:18",19
"2019-03-25 13:04:16",19
"2019-03-25 13:40:14",19
"2019-03-25 14:40:13",19
"2019-03-25 15:40:13",18
"2019-03-25 16:40:13",18
"2019-03-25 17:40:13",18
"2019-03-25 18:40:14",18
"2019-03-25 19:40:14",18
"2019-03-25 20:40:12",18
"2019-03-25 21:40:12",18
"2019-03-25 22:40:19",18
"2019-03-25 23:40:14",18
"2019-03-26 00:40:15",18
"2019-03-26 01:40:14",18
"2019-03-26 02:40:11",18
"2019-03-26 03:40:13",18
"2019-03-26 04:40:12",18
"2019-03-26 05:40:12",18
"2019-03-26 06:40:13",18
"2019-03-26 07:40:11",18
"2019-03-26 08:40:11",18
"2019-03-26 09:40:12",18
"2019-03-26 10:40:14",18
"2019-03-26 11:40:12",18
"2019-03-26 12:40:13",18
"2019-03-26 13:40:17",18
"2019-03-26 14:40:11",18
"2019-03-26 15:40:18",17
"2019-03-26 16:40:16",17
"2019-03-26 17:40:12",17
"2019-03-26 18:40:15",18
"2019-03-26 19:40:16",19
"2019-03-26 20:40:14",19
"2019-03-26 21:40:14",19
"2019-03-26 22:40:13",19
"2019-03-26 23:40:11",19
"2019-03-27 00:40:13",19
"2019-03-27 01:40:12",19
"2019-03-27 02:40:11",19
"2019-03-27 03:40:15",19
"2019-03-27 04:40:13",19
"2019-03-27 05:40:14",19
"2019-03-27 06:40:15",19
"2019-03-27 07:40:12",19
"2019-03-27 08:40:11",19
"2019-03-27 09:40:12",19
"2019-03-27 10:40:15",19
"2019-03-27 11:40:10",19
"2019-03-27 13:04:50",19
"2019-03-27 13:40:15",19
"2019-03-27 14:40:18",19
"2019-03-27 15:40:13",17
"2019-03-27 16:40:14",17
"2019-03-27 17:40:20",17
"2019-03-27 18:40:13",17
"2019-03-27 19:40:13",17
"2019-03-27 20:40:16",17
"2019-03-27 21:40:13",17
"2019-03-27 22:40:19",17
"2019-03-27 23:40:15",17
"2019-03-28 00:40:14",17
"2019-03-28 01:40:12",17
"2019-03-28 02:40:19",17
"2019-03-28 03:40:14",17
"2019-03-28 04:40:16",17
"2019-03-28 05:40:12",17
"2019-03-28 06:40:12",17
"2019-03-28 07:40:13",17
"2019-03-28 08:40:11",17
"2019-03-28 09:40:12",17
"2019-03-28 10:40:13",17
"2019-03-28 11:40:12",17
"2019-03-28 13:04:45",17
"2019-03-28 13:40:14",17
"2019-03-28 14:40:13",17
"2019-03-28 15:40:14",17
"2019-03-28 16:40:14",17
"2019-03-28 17:40:13",18
"2019-03-28 18:40:14",19
"2019-03-28 19:40:12",19
"2019-03-28 20:40:14",19
"2019-03-28 21:40:15",19
"2019-03-28 22:40:12",19
"2019-03-28 23:40:13",19
"2019-03-29 00:40:12",19
"2019-03-29 01:40:22",19
"2019-03-29 02:40:16",19
"2019-03-29 03:40:16",19
"2019-03-29 04:40:15",19
"2019-03-29 05:40:11",19
"2019-03-29 06:40:12",19
"2019-03-29 07:40:12",19
"2019-03-29 08:40:17",19
"2019-03-29 09:40:13",19
"2019-03-29 10:40:13",19
"2019-03-29 11:40:16",19
"2019-03-29 13:05:15",19
"2019-03-29 13:40:13",19
"2019-03-29 14:40:16",20
"2019-03-29 15:40:16",18
"2019-03-29 16:40:11",18
"2019-03-29 17:40:15",18
"2019-03-29 18:40:20",18
"2019-03-29 19:40:15",18
"2019-03-29 20:40:15",18
"2019-03-29 21:40:13",18
"2019-03-29 22:40:16",18
"2019-03-29 23:40:18",18
"2019-03-30 00:40:16",18
"2019-03-30 01:40:14",18
"2019-03-30 02:40:18",18
"2019-03-30 03:40:16",18
"2019-03-30 04:40:18",18
"2019-03-30 05:40:14",18
"2019-03-30 06:40:14",18
"2019-03-30 07:40:14",18
"2019-03-30 08:40:26",18
"2019-03-30 09:40:17",18
"2019-03-30 10:40:14",18
"2019-03-30 11:40:15",18
"2019-03-30 12:40:18",18
"2019-03-30 13:40:11",18
"2019-03-30 14:40:14",18
"2019-03-30 15:40:12",18
"2019-03-30 16:40:13",18
"2019-03-30 17:40:16",18
"2019-03-30 18:40:13",18
"2019-03-30 19:40:14",18
"2019-03-30 20:40:11",18
"2019-03-30 21:40:12",18
"2019-03-30 22:40:18",18
"2019-03-30 23:40:13",18
"2019-03-31 00:40:14",18
"2019-03-31 01:40:13",18
"2019-03-31 02:40:16",18
"2019-03-31 03:40:13",18
"2019-03-31 04:40:13",18
"2019-03-31 05:40:13",18
"2019-03-31 06:40:17",18
"2019-03-31 07:40:14",18
"2019-03-31 08:40:12",18
"2019-03-31 09:40:11",18
"2019-03-31 10:40:17",18
"2019-03-31 11:40:14",18
"2019-03-31 12:40:13",18
"2019-03-31 13:40:14",18
"2019-03-31 14:40:13",18
"2019-03-31 15:40:13",18
"2019-03-31 16:40:13",18
"2019-03-31 17:40:18",18
"2019-03-31 18:40:12",18
"2019-03-31 19:40:13",18
"2019-03-31 20:40:13",18
"2019-03-31 21:40:13",18
"2019-03-31 22:40:12",18
"2019-03-31 23:40:16",18
"2019-04-01 00:40:17",18
"2019-04-01 01:40:15",18
"2019-04-01 02:40:16",18
"2019-04-01 03:40:20",18
"2019-04-01 04:40:14",18
"2019-04-01 05:40:13",18
"2019-04-01 06:40:12",18
"2019-04-01 07:40:18",18
"2019-04-01 08:40:13",18
"2019-04-01 09:40:14",18
"2019-04-01 10:40:18",18
"2019-04-01 11:40:15",18
"2019-04-01 13:03:23",18
"2019-04-01 13:40:13",18
"2019-04-01 14:40:17",19
"2019-04-01 15:40:21",21
"2019-04-01 16:40:17",21
"2019-04-01 17:40:18",21
"2019-04-01 18:40:14",21
"2019-04-01 19:40:24",21
"2019-04-01 20:40:14",22
"2019-04-01 21:40:13",22
"2019-04-01 22:40:16",22
"2019-04-01 23:40:15",22
"2019-04-02 00:40:18",22
"2019-04-02 01:40:14",22
"2019-04-02 02:40:15",22
"2019-04-02 03:40:20",22
"2019-04-02 04:40:12",22
"2019-04-02 05:40:13",22
"2019-04-02 06:40:14",22
"2019-04-02 07:40:17",22
"2019-04-02 08:40:15",22
"2019-04-02 09:40:17",22
"2019-04-02 10:40:14",22
"2019-04-02 11:40:14",22
"2019-04-02 13:04:50",22
"2019-04-02 13:40:17",22
"2019-04-02 14:40:13",18
"2019-04-02 15:40:22",18
"2019-04-02 16:40:15",18
"2019-04-02 17:40:19",18
"2019-04-02 18:40:14",18
"2019-04-02 19:40:14",18
"2019-04-02 20:40:19",18
"2019-04-02 21:40:17",18
"2019-04-02 22:40:16",18
"2019-04-02 23:40:16",18
"2019-04-03 00:40:22",18
"2019-04-03 01:40:16",18
"2019-04-03 02:40:14",18
"2019-04-03 03:40:15",18
"2019-04-03 04:40:18",18
"2019-04-03 05:40:17",18
"2019-04-03 06:40:18",18
"2019-04-03 07:40:15",18
"2019-04-03 08:40:15",18
"2019-04-03 09:40:21",18
"2019-04-03 10:40:17",18
"2019-04-03 11:40:16",18
"2019-04-03 13:04:51",18
"2019-04-03 13:40:14",18
"2019-04-03 14:40:20",19
"2019-04-03 15:40:20",19
"2019-04-03 16:40:15",19
"2019-04-03 17:40:14",18
"2019-04-03 18:40:14",18
"2019-04-03 19:40:15",18
"2019-04-03 20:40:17",17
"2019-04-03 21:40:15",17
"2019-04-03 22:40:15",17
"2019-04-03 23:40:20",17
"2019-04-04 00:40:13",17
"2019-04-04 01:40:15",17
"2019-04-04 02:40:15",17
"2019-04-04 03:40:18",17
"2019-04-04 04:40:14",17
"2019-04-04 05:40:13",17
"2019-04-04 06:40:14",17
"2019-04-04 07:40:15",17
"2019-04-04 08:40:17",17
"2019-04-04 09:40:14",17
"2019-04-04 10:40:15",17
"2019-04-04 11:40:18",17
"2019-04-04 12:40:14",17
"2019-04-04 13:40:14",17
"2019-04-04 14:40:20",17
"2019-04-04 15:40:15",17
"2019-04-04 16:40:19",18
"2019-04-04 17:40:13",18
"2019-04-04 18:40:15",18
"2019-04-04 19:40:15",18
"2019-04-04 20:40:15",18
"2019-04-04 21:40:17",18
"2019-04-04 22:40:21",18
"2019-04-04 23:40:15",18
"2019-04-05 00:40:16",18
"2019-04-05 01:40:13",18
"2019-04-05 02:40:14",18
"2019-04-05 03:40:22",18
"2019-04-05 04:40:15",18
"2019-04-05 05:40:14",18
"2019-04-05 06:40:12",18
"2019-04-05 07:40:14",18
"2019-04-05 08:40:18",18
"2019-04-05 09:40:16",18
"2019-04-05 10:40:19",18
"2019-04-05 11:40:15",18
"2019-04-05 13:04:17",19
"2019-04-05 13:40:17",19
"2019-04-05 14:40:16",19
"2019-04-05 15:40:20",18
"2019-04-05 16:40:14",18
"2019-04-05 17:40:14",19
"2019-04-05 18:40:17",19
"2019-04-05 19:40:14",19
"2019-04-05 20:40:14",19
"2019-04-05 21:40:15",19
"2019-04-05 22:40:16",19
"2019-04-05 23:40:18",19
"2019-04-06 00:40:15",19
"2019-04-06 01:40:23",19
"2019-04-06 02:40:18",19
"2019-04-06 03:40:15",19
"2019-04-06 04:40:17",19
"2019-04-06 05:40:16",19
"2019-04-06 06:40:14",19
"2019-04-06 07:40:15",19
"2019-04-06 08:40:22",19
"2019-04-06 09:40:16",19
"2019-04-06 10:40:15",19
"2019-04-06 11:40:14",19
"2019-04-06 12:40:15",19
"2019-04-06 13:40:13",19
"2019-04-06 14:40:14",19
"2019-04-06 15:40:17",19
"2019-04-06 16:40:14",19
"2019-04-06 17:40:14",19
"2019-04-06 18:40:16",19
"2019-04-06 19:40:15",19
"2019-04-06 20:40:13",19
"2019-04-06 21:40:21",19
"2019-04-06 22:40:14",19
"2019-04-06 23:40:14",19
"2019-04-07 00:40:14",19
"2019-04-07 01:40:12",19
"2019-04-07 02:40:16",19
"2019-04-07 03:40:18",19
"2019-04-07 04:40:15",19
"2019-04-07 05:40:15",19
"2019-04-07 06:40:15",19
"2019-04-07 07:40:20",19
"2019-04-07 08:40:16",19
"2019-04-07 09:40:17",19
"2019-04-07 10:40:15",19
"2019-04-07 11:40:18",19
"2019-04-07 12:40:15",19
"2019-04-07 13:40:18",19
"2019-04-07 14:40:14",19
"2019-04-07 15:40:15",19
"2019-04-07 16:40:18",19
"2019-04-07 17:40:15",19
"2019-04-07 18:40:14",19
"2019-04-07 19:40:15",19
"2019-04-07 20:40:21",19
"2019-04-07 21:40:15",19
"2019-04-07 22:40:14",19
"2019-04-07 23:40:13",19
"2019-04-08 00:40:22",19
"2019-04-08 01:40:15",19
"2019-04-08 02:40:14",19
"2019-04-08 03:40:15",19
"2019-04-08 04:40:13",19
"2019-04-08 05:40:23",19
"2019-04-08 06:40:13",19
"2019-04-08 07:40:14",19
"2019-04-08 08:40:15",19
"2019-04-08 09:40:16",19
"2019-04-08 10:40:14",19
"2019-04-08 11:40:22",19
"2019-04-08 12:40:14",19
"2019-04-08 13:40:19",19
"2019-04-08 14:40:16",19
"2019-04-08 15:40:18",17
"2019-04-08 16:40:21",17
"2019-04-08 17:40:16",17
"2019-04-08 18:40:15",17
"2019-04-08 19:40:16",18
"2019-04-08 20:40:16",18
"2019-04-08 21:40:17",18
"2019-04-08 22:40:17",18
"2019-04-08 23:40:15",18
"2019-04-09 00:40:20",18
"2019-04-09 01:40:16",18
"2019-04-09 02:40:18",18
"2019-04-09 03:40:18",18
"2019-04-09 04:40:16",18
"2019-04-09 05:40:19",18
"2019-04-09 06:40:16",18
"2019-04-09 07:40:15",18
"2019-04-09 08:40:19",18
"2019-04-09 09:40:22",18
"2019-04-09 10:40:16",18
"2019-04-09 11:40:16",18
"2019-04-09 13:05:28",18
"2019-04-09 13:40:16",18
"2019-04-09 14:40:16",18
"2019-04-09 15:40:25",17
"2019-04-09 16:40:17",17
"2019-04-09 17:40:17",17
"2019-04-09 18:40:15",18
"2019-04-09 19:40:16",18
"2019-04-09 20:40:16",18
"2019-04-09 21:40:17",18
"2019-04-09 22:40:15",18
"2019-04-09 23:40:20",18
"2019-04-10 00:40:17",18
"2019-04-10 01:40:16",18
"2019-04-10 02:40:17",18
"2019-04-10 03:40:19",18
"2019-04-10 04:40:19",18
"2019-04-10 05:40:16",18
"2019-04-10 06:40:16",18
"2019-04-10 07:40:15",18
"2019-04-10 08:40:18",18
"2019-04-10 09:40:17",18
"2019-04-10 10:40:17",18
"2019-04-10 11:40:17",18
"2019-04-10 12:40:23",18
"2019-04-10 13:40:22",18
"2019-04-10 14:40:16",17
"2019-04-10 15:40:17",17
"2019-04-10 16:40:17",17
"2019-04-10 17:40:17",17
"2019-04-10 18:40:18",17
"2019-04-10 19:40:18",18
"2019-04-10 20:40:15",18
"2019-04-10 21:40:16",18
"2019-04-10 22:40:14",18
"2019-04-10 23:40:22",18
"2019-04-11 00:40:16",18
"2019-04-11 01:40:14",18
"2019-04-11 02:40:17",18
"2019-04-11 03:40:18",18
"2019-04-11 04:40:18",18
"2019-04-11 05:40:17",18
"2019-04-11 06:40:14",18
"2019-04-11 18:40:19",18
"2019-04-11 19:40:25",18
"2019-04-11 20:40:17",18
"2019-04-11 21:40:18",18
"2019-04-11 22:40:17",18
"2019-04-11 23:40:17",18
"2019-04-12 00:40:16",18
"2019-04-12 01:40:17",18
"2019-04-12 02:40:21",18
"2019-04-12 03:40:18",18
"2019-04-12 04:40:18",18
"2019-04-12 05:40:18",18
"2019-04-12 06:40:16",18
"2019-04-12 07:40:17",18
"2019-04-12 08:40:16",18
"2019-04-12 09:40:20",18
"2019-04-12 10:40:17",18
"2019-04-12 11:40:16",18
"2019-04-12 13:03:55",18
"2019-04-12 13:40:19",18
"2019-04-12 14:40:15",18
"2019-04-12 15:40:17",19
"2019-04-12 16:40:18",18
"2019-04-12 17:40:17",18
"2019-04-12 18:40:17",18
"2019-04-12 19:40:16",17
"2019-04-12 20:40:17",19
"2019-04-12 21:40:15",19
"2019-04-12 22:40:23",19
"2019-04-12 23:40:17",19
"2019-04-13 00:40:19",19
"2019-04-13 01:40:16",19
"2019-04-13 02:40:18",19
"2019-04-13 03:40:24",19
"2019-04-13 04:40:18",19
"2019-04-13 05:40:19",19
"2019-04-13 06:40:18",19
"2019-04-13 07:40:15",19
"2019-04-13 08:40:16",19
"2019-04-13 09:40:19",19
"2019-04-13 10:40:16",19
"2019-04-13 11:40:17",19
"2019-04-13 12:40:16",19
"2019-04-13 13:40:16",19
"2019-04-13 14:40:19",19
"2019-04-13 15:40:18",19
"2019-04-13 16:40:18",19
"2019-04-13 17:40:15",19
"2019-04-13 18:40:17",19
"2019-04-13 19:40:17",19
"2019-04-13 20:40:17",19
"2019-04-13 21:40:20",19
"2019-04-13 22:40:16",19
"2019-04-13 23:40:16",19
"2019-04-14 00:40:19",19
"2019-04-14 01:40:20",19
"2019-04-14 02:40:16",19
"2019-04-14 03:40:15",19
"2019-04-14 04:40:22",19
"2019-04-14 05:40:17",19
"2019-04-14 06:40:18",19
"2019-04-14 07:40:20",19
"2019-04-14 08:40:17",19
"2019-04-14 09:40:19",19
"2019-04-14 10:40:15",19
"2019-04-14 11:40:19",19
"2019-04-14 12:40:16",19
"2019-04-14 13:40:17",19
"2019-04-14 14:40:21",19
"2019-04-14 15:40:21",19
"2019-04-14 16:40:17",19
"2019-04-14 17:40:17",19
"2019-04-14 18:40:17",19
"2019-04-14 19:40:18",19
"2019-04-14 20:40:19",19
"2019-04-14 21:40:22",19
"2019-04-14 22:40:17",19
"2019-04-14 23:40:19",19
"2019-04-15 00:40:17",19
"2019-04-15 01:40:16",19
"2019-04-15 02:40:17",19
"2019-04-15 03:40:24",19
"2019-04-15 04:40:16",19
"2019-04-15 05:40:18",19
"2019-04-15 06:40:15",19
"2019-04-15 07:40:16",19
"2019-04-15 08:40:19",19
"2019-04-15 09:40:16",19
"2019-04-15 10:40:16",19
"2019-04-15 11:40:17",19
"2019-04-15 13:05:53",18
"2019-04-15 13:40:15",18
"2019-04-15 14:40:17",18
"2019-04-15 15:40:20",18
"2019-04-15 16:40:16",17
"2019-04-15 17:40:19",17
"2019-04-15 18:40:19",17
"2019-04-15 19:40:28",17
"2019-04-15 20:40:16",17
"2019-04-15 21:40:16",17
"2019-04-15 22:40:19",17
"2019-04-15 23:40:19",17
"2019-04-16 00:40:19",17
"2019-04-16 01:40:17",17
"2019-04-16 02:40:18",17
"2019-04-16 03:40:21",17
"2019-04-16 04:40:16",17
"2019-04-16 05:40:17",17
"2019-04-16 06:40:17",17
"2019-04-16 07:40:16",17
"2019-04-16 08:40:26",17
"2019-04-16 09:40:16",17
"2019-04-16 10:40:21",17
"2019-04-16 11:40:18",17
"2019-04-16 13:04:20",17
"2019-04-16 13:40:17",17
"2019-04-16 14:40:20",16
"2019-04-16 15:40:16",15
"2019-04-16 16:40:16",15
"2019-04-16 17:40:15",15
"2019-04-16 18:40:20",15
"2019-04-16 19:40:18",16
"2019-04-16 20:40:18",15
"2019-04-16 21:40:15",15
"2019-04-16 22:40:16",15
"2019-04-16 23:40:16",15
"2019-04-17 00:40:17",15
"2019-04-17 01:40:17",15
"2019-04-17 02:40:20",15
"2019-04-17 03:40:16",15
"2019-04-17 04:40:18",15
"2019-04-17 05:40:17",15
"2019-04-17 06:40:27",15
"2019-04-17 07:40:18",15
"2019-04-17 08:40:15",15
"2019-04-17 09:40:20",15
"2019-04-17 10:40:15",15
"2019-04-17 11:40:18",15
"2019-04-17 13:05:21",15
"2019-04-17 13:40:19",15
"2019-04-17 14:40:17",14
"2019-04-17 15:40:19",14
"2019-04-17 16:40:16",14
"2019-04-17 17:40:21",14
"2019-04-17 18:40:18",14
"2019-04-17 19:40:17",14
"2019-04-17 20:40:18",14
"2019-04-17 21:40:17",14
"2019-04-17 22:40:18",14
"2019-04-17 23:40:22",14
"2019-04-18 00:40:17",14
"2019-04-18 01:40:18",14
"2019-04-18 02:40:17",14
"2019-04-18 03:40:24",14
"2019-04-18 04:40:17",14
"2019-04-18 05:40:23",14
"2019-04-18 06:40:17",14
"2019-04-18 07:40:17",14
"2019-04-18 08:40:21",14
"2019-04-18 09:40:18",14
"2019-04-18 10:40:20",14
"2019-04-18 11:40:19",14
"2019-04-18 13:05:20",14
"2019-04-18 13:40:17",14
"2019-04-18 14:40:21",15
"2019-04-18 15:40:18",15
"2019-04-18 16:40:18",15
"2019-04-18 17:40:23",15
"2019-04-18 18:40:17",15
"2019-04-18 19:40:16",15
"2019-04-18 20:40:18",16
"2019-04-18 21:40:20",16
"2019-04-18 22:40:18",16
"2019-04-18 23:40:20",16
"2019-04-19 00:40:17",16
"2019-04-19 01:40:48",16
"2019-04-19 02:40:17",16
"2019-04-19 03:40:22",16
"2019-04-19 04:40:17",16
"2019-04-19 05:40:16",16
"2019-04-19 06:40:19",16
"2019-04-19 07:40:21",16
"2019-04-19 08:40:19",16
"2019-04-19 09:40:19",16
"2019-04-19 10:40:20",16
"2019-04-19 11:40:16",16
"2019-04-19 12:40:18",16
"2019-04-19 13:40:20",16
"2019-04-19 14:40:21",16
"2019-04-19 15:40:17",16
"2019-04-19 16:40:17",16
"2019-04-19 17:40:20",16
"2019-04-19 18:40:17",16
"2019-04-19 19:40:17",16
"2019-04-19 20:40:17",16
"2019-04-19 21:40:17",16
"2019-04-19 22:40:17",16
"2019-04-19 23:40:18",16
"2019-04-20 00:40:21",16
"2019-04-20 01:40:20",16
"2019-04-20 02:40:18",16
"2019-04-20 03:40:17",16
"2019-04-20 04:40:21",16
"2019-04-20 05:40:17",16
"2019-04-20 06:40:17",16
"2019-04-20 07:40:20",16
"2019-04-20 08:40:19",16
"2019-04-20 09:40:21",16
"2019-04-20 10:40:18",16
"2019-04-20 11:40:16",16
"2019-04-20 12:40:24",16
"2019-04-20 13:40:36",16
"2019-04-20 14:40:18",16
"2019-04-20 15:40:15",16
"2019-04-20 16:40:19",16
"2019-04-20 17:40:20",16
"2019-04-20 18:40:17",16
"2019-04-20 19:40:17",16
"2019-04-20 20:40:18",16
"2019-04-20 21:40:16",16
"2019-04-20 22:40:17",16
"2019-04-20 23:40:22",16
"2019-04-21 00:40:17",16
"2019-04-21 01:40:16",16
"2019-04-21 02:40:19",16
"2019-04-21 03:40:18",16
"2019-04-21 04:40:19",16
"2019-04-21 05:40:17",16
"2019-04-21 06:40:17",16
"2019-04-21 07:40:22",16
"2019-04-21 08:40:16",16
"2019-04-21 09:40:16",16
"2019-04-21 10:40:18",16
"2019-04-21 11:40:18",16
"2019-04-21 12:40:17",16
"2019-04-21 13:40:17",16
"2019-04-21 14:40:20",16
"2019-04-21 15:40:17",16
"2019-04-21 16:40:19",16
"2019-04-21 17:40:18",16
"2019-04-21 18:40:16",16
"2019-04-21 19:40:22",16
"2019-04-21 20:40:16",16
"2019-04-21 21:40:18",16
"2019-04-21 22:40:17",16
"2019-04-21 23:40:16",16
"2019-04-22 00:40:17",16
"2019-04-22 01:40:19",16
"2019-04-22 02:40:23",16
"2019-04-22 03:40:19",16
"2019-04-22 04:40:16",16
"2019-04-22 05:40:15",16
"2019-04-22 06:40:18",16
"2019-04-22 07:40:19",16
"2019-04-22 08:40:18",16
"2019-04-22 09:40:16",16
"2019-04-22 10:40:21",16
"2019-04-22 11:40:20",16
"2019-04-22 13:05:52",16
"2019-04-22 13:40:18",16
"2019-04-22 14:40:19",17
"2019-04-22 15:40:17",17
"2019-04-22 16:40:17",17
"2019-04-22 17:40:18",17
"2019-04-22 18:40:19",18
"2019-04-22 19:40:20",19
"2019-04-22 20:40:19",19
"2019-04-22 21:40:18",19
"2019-04-22 22:40:19",19
"2019-04-22 23:40:20",19
"2019-04-23 00:40:19",19
"2019-04-23 01:40:16",19
"2019-04-23 02:40:17",19
"2019-04-23 03:40:19",19
"2019-04-23 04:40:19",19
"2019-04-23 05:40:18",19
"2019-04-23 06:40:21",19
"2019-04-23 07:40:18",19
"2019-04-23 08:40:15",19
"2019-04-23 09:40:18",19
"2019-04-23 10:40:19",19
"2019-04-23 11:40:21",19
"2019-04-23 13:06:22",19
"2019-04-23 13:40:19",19
"2019-04-23 14:40:17",19
"2019-04-23 15:40:20",16
"2019-04-23 16:40:19",16
"2019-04-23 17:40:18",15
"2019-04-23 18:40:17",15
"2019-04-23 19:40:19",16
"2019-04-23 20:40:24",16
"2019-04-23 21:40:22",16
"2019-04-23 22:40:19",16
"2019-04-23 23:40:19",16
"2019-04-24 00:40:18",16
"2019-04-24 01:40:19",16
"2019-04-24 02:40:22",16
"2019-04-24 03:40:19",16
"2019-04-24 04:40:18",16
"2019-04-24 05:40:17",16
"2019-04-24 06:40:20",16
"2019-04-24 07:40:21",16
"2019-04-24 08:40:18",16
"2019-04-24 09:40:20",16
"2019-04-24 10:40:21",16
"2019-04-24 11:40:21",16
"2019-04-24 12:40:18",16
"2019-04-24 13:40:25",16
"2019-04-24 14:40:20",15
"2019-04-24 15:40:19",15
"2019-04-24 16:40:18",15
"2019-04-24 17:40:20",15
"2019-04-24 18:40:26",16
"2019-04-24 19:40:19",16
"2019-04-24 20:40:20",15
"2019-04-24 21:40:19",15
"2019-04-24 22:40:18",15
"2019-04-24 23:40:25",15
"2019-04-25 00:40:21",15
"2019-04-25 01:40:20",15
"2019-04-25 02:40:19",15
"2019-04-25 03:40:23",15
"2019-04-25 04:40:19",15
"2019-04-25 05:40:19",15
"2019-04-25 06:40:21",15
"2019-04-25 07:40:18",15
"2019-04-25 08:40:21",15
"2019-04-25 09:40:20",15
"2019-04-25 10:40:22",15
"2019-04-25 11:40:21",15
"2019-04-25 13:04:52",15
"2019-04-25 13:40:21",15
"2019-04-25 14:40:22",16
"2019-04-25 15:40:18",16
"2019-04-25 16:40:21",16
"2019-04-25 17:40:18",16
"2019-04-25 18:40:18",15
"2019-04-25 19:40:20",15
"2019-04-25 20:40:19",15
"2019-04-25 21:40:24",15
"2019-04-25 22:40:19",15
"2019-04-25 23:40:18",15
"2019-04-26 00:40:20",15
"2019-04-26 01:40:21",15
"2019-04-26 02:40:20",15
"2019-04-26 03:40:20",15
"2019-04-26 04:40:19",15
"2019-04-26 05:40:20",15
"2019-04-26 06:40:21",15
"2019-04-26 07:40:18",15
"2019-04-26 08:40:22",15
"2019-04-26 09:40:18",15
"2019-04-26 10:40:23",15
"2019-04-26 11:40:18",15
"2019-04-26 12:40:19",15
"2019-04-26 13:40:22",15
"2019-04-26 14:40:19",16
"2019-04-26 15:40:22",16
"2019-04-26 16:40:18",15
"2019-04-26 17:40:19",15
"2019-04-26 18:40:19",15
"2019-04-26 19:40:17",15
"2019-04-26 20:40:22",15
"2019-04-26 21:40:18",15
"2019-04-26 22:40:19",15
"2019-04-26 23:40:19",15
"2019-04-27 00:40:19",15
"2019-04-27 01:40:21",15
"2019-04-27 02:40:18",15
"2019-04-27 03:40:18",15
"2019-04-27 04:40:17",15
"2019-04-27 05:40:19",15
"2019-04-27 06:40:21",15
"2019-04-27 07:40:18",15
"2019-04-27 08:40:18",15
"2019-04-27 09:40:21",15
"2019-04-27 10:40:19",15
"2019-04-27 11:40:17",15
"2019-04-27 12:40:18",15
"2019-04-27 13:40:19",15
"2019-04-27 14:40:18",15
"2019-04-27 15:40:17",15
"2019-04-27 16:40:18",15
"2019-04-27 17:40:25",15
"2019-04-27 18:40:19",15
"2019-04-27 19:40:17",15
"2019-04-27 20:40:19",15
"2019-04-27 21:40:19",15
"2019-04-27 22:40:17",15
"2019-04-27 23:40:17",15
"2019-04-28 00:40:18",15
"2019-04-28 01:40:18",15
"2019-04-28 02:40:18",15
"2019-04-28 03:40:17",15
"2019-04-28 04:40:22",15
"2019-04-28 05:40:19",15
"2019-04-28 06:40:18",15
"2019-04-28 07:40:17",15
"2019-04-28 08:40:22",15
"2019-04-28 09:40:18",15
"2019-04-28 10:40:21",15
"2019-04-28 11:40:19",15
"2019-04-28 12:40:18",15
"2019-04-28 13:40:17",15
"2019-04-28 14:40:20",15
"2019-04-28 15:40:19",15
"2019-04-28 16:40:16",15
"2019-04-28 17:40:18",15
"2019-04-28 18:40:18",15
"2019-04-28 19:40:22",15
"2019-04-28 20:40:18",15
"2019-04-28 21:40:19",15
"2019-04-28 22:40:18",15
"2019-04-28 23:40:19",15
"2019-04-29 00:40:20",15
"2019-04-29 01:40:17",15
"2019-04-29 02:40:17",15
"2019-04-29 03:40:20",15
"2019-04-29 04:40:21",15
"2019-04-29 05:40:17",15
"2019-04-29 06:40:18",15
"2019-04-29 07:40:19",15
"2019-04-29 08:40:22",15
"2019-04-29 09:40:20",15
"2019-04-29 10:40:18",15
"2019-04-29 11:40:18",15
"2019-04-29 12:40:22",15
"2019-04-29 13:40:17",15
"2019-04-29 14:40:20",15
"2019-04-29 15:40:17",15
"2019-04-29 16:40:20",15
"2019-04-29 17:40:19",15
"2019-04-29 18:40:19",15
"2019-04-29 19:40:19",15
"2019-04-29 20:40:24",15
"2019-04-29 21:40:18",15
"2019-04-29 22:40:17",15
"2019-04-29 23:40:19",15
"2019-04-30 00:40:18",15
"2019-04-30 01:40:18",15
"2019-04-30 02:40:21",15
"2019-04-30 03:40:22",15
"2019-04-30 04:40:20",15
"2019-04-30 05:40:19",15
"2019-04-30 06:40:18",15
"2019-04-30 07:40:20",15
"2019-04-30 08:40:19",15
"2019-04-30 09:40:23",15
"2019-04-30 10:40:18",15
"2019-04-30 11:40:20",15
"2019-04-30 13:04:22",15
"2019-04-30 13:40:22",15
"2019-04-30 14:40:19",15
"2019-04-30 15:40:22",16
"2019-04-30 16:40:21",16
"2019-04-30 17:40:24",16
"2019-04-30 18:40:20",16
"2019-04-30 19:40:21",16
"2019-04-30 20:40:20",17
"2019-04-30 21:40:19",17
"2019-04-30 22:40:17",17
"2019-04-30 23:40:21",17
"2019-05-01 00:40:16",17
"2019-05-01 01:40:24",17
"2019-05-01 02:40:20",17
"2019-05-01 03:40:22",17
"2019-05-01 04:40:22",17
"2019-05-01 05:40:20",17
"2019-05-01 06:40:18",17
"2019-05-01 07:40:21",17
"2019-05-01 08:40:21",17
"2019-05-01 09:40:22",17
"2019-05-01 10:40:19",17
"2019-05-01 11:40:18",17
"2019-05-01 13:04:22",17
"2019-05-01 13:40:22",17
"2019-05-01 14:40:17",16
"2019-05-01 15:40:20",16
"2019-05-01 16:40:20",16
"2019-05-01 17:40:18",16
"2019-05-01 18:40:20",16
"2019-05-01 19:40:24",15
"2019-05-01 20:40:21",15
"2019-05-01 21:40:19",15
"2019-05-01 22:40:21",15
"2019-05-01 23:40:21",15
"2019-05-02 00:40:21",15
"2019-05-02 01:40:19",15
"2019-05-02 02:40:22",15
"2019-05-02 03:40:19",15
"2019-05-02 04:40:22",15
"2019-05-02 05:40:23",15
"2019-05-02 06:40:22",15
"2019-05-02 07:40:20",15
"2019-05-02 08:40:20",15
"2019-05-02 09:40:19",15
"2019-05-02 10:40:21",15
"2019-05-02 11:40:19",15
"2019-05-02 13:04:30",15
"2019-05-02 13:40:24",15
"2019-05-02 14:40:18",15
"2019-05-02 15:40:20",15
"2019-05-02 16:40:24",15
"2019-05-02 17:40:19",15
"2019-05-02 18:40:19",15
"2019-05-02 19:40:24",15
"2019-05-02 20:40:20",15
"2019-05-02 21:40:21",15
"2019-05-02 22:40:25",15
"2019-05-02 23:40:18",15
"2019-05-03 00:40:20",15
"2019-05-03 01:40:24",15
"2019-05-03 02:40:20",15
"2019-05-03 03:40:25",15
"2019-05-03 04:40:19",15
"2019-05-03 05:40:30",15
"2019-05-03 06:40:22",15
"2019-05-03 07:40:22",15
"2019-05-03 08:40:21",15
"2019-05-03 09:40:22",15
"2019-05-03 10:40:25",15
"2019-05-03 11:40:22",15
"2019-05-03 13:03:26",15
"2019-05-03 13:40:29",15
"2019-05-03 14:40:23",15
"2019-05-03 15:40:22",16
"2019-05-03 16:40:23",16
"2019-05-03 17:40:24",16
"2019-05-03 18:40:26",16
"2019-05-03 19:40:25",16
"2019-05-03 20:40:19",16
"2019-05-03 21:40:27",16
"2019-05-03 22:40:21",16
"2019-05-03 23:40:25",16
"2019-05-04 00:40:23",16
"2019-05-04 01:40:22",16
"2019-05-04 02:40:24",16
"2019-05-04 03:40:27",16
"2019-05-04 04:40:22",16
"2019-05-04 05:40:24",16
"2019-05-04 06:40:25",16
"2019-05-04 07:40:24",16
"2019-05-04 08:40:20",16
"2019-05-04 09:40:23",16
"2019-05-04 10:40:19",16
"2019-05-04 11:40:22",16
"2019-05-04 12:40:25",16
"2019-05-04 13:40:24",16
"2019-05-04 14:40:20",16
"2019-05-04 15:40:20",16
"2019-05-04 16:40:24",16
"2019-05-04 17:40:20",16
"2019-05-04 18:40:20",16
"2019-05-04 19:40:23",16
"2019-05-04 20:40:19",16
"2019-05-04 21:40:21",16
"2019-05-04 22:40:20",16
"2019-05-04 23:40:25",16
"2019-05-05 00:40:22",16
"2019-05-05 01:40:23",16
"2019-05-05 02:40:20",16
"2019-05-05 03:40:20",16
"2019-05-05 04:40:24",16
"2019-05-05 05:40:24",16
"2019-05-05 06:40:24",16
"2019-05-05 07:40:22",16
"2019-05-05 08:40:20",16
"2019-05-05 09:40:20",16
"2019-05-05 10:40:23",16
"2019-05-05 11:40:22",16
"2019-05-05 12:40:22",16
"2019-05-05 13:40:22",16
"2019-05-05 14:40:23",16
"2019-05-05 15:40:21",16
"2019-05-05 16:40:20",16
"2019-05-05 17:40:24",16
"2019-05-05 18:40:21",16
"2019-05-05 19:40:19",16
"2019-05-05 20:40:22",16
"2019-05-05 21:40:19",16
"2019-05-05 22:40:22",16
"2019-05-05 23:40:24",16
"2019-05-06 00:40:21",16
"2019-05-06 01:40:20",16
"2019-05-06 02:40:21",16
"2019-05-06 03:40:23",16
"2019-05-06 04:40:19",16
"2019-05-06 05:40:20",16
"2019-05-06 06:40:19",16
"2019-05-06 07:40:24",16
"2019-05-06 08:40:21",16
"2019-05-06 09:40:19",16
"2019-05-06 10:40:23",16
"2019-05-06 11:40:23",16
"2019-05-06 13:05:26",16
"2019-05-06 13:40:24",16
"2019-05-06 14:40:23",15
"2019-05-06 15:40:19",15
"2019-05-06 16:40:21",15
"2019-05-06 17:26:16",15
"2019-05-06 17:32:11",15
"2019-05-06 17:40:20",15
"2019-05-06 18:40:21",15
"2019-05-06 19:40:23",15
"2019-05-06 20:40:19",15
"2019-05-06 21:40:19",15
"2019-05-06 22:40:21",15
"2019-05-06 23:40:19",15
"2019-05-07 00:40:20",15
"2019-05-07 01:40:25",15
"2019-05-07 02:40:20",15
"2019-05-07 03:40:22",15
"2019-05-07 04:40:21",15
"2019-05-07 05:40:20",15
"2019-05-07 06:40:19",15
"2019-05-07 07:40:21",15
"2019-05-07 08:40:18",15
"2019-05-07 09:40:23",15
"2019-05-07 10:40:21",15
"2019-05-07 11:40:19",15
"2019-05-07 12:40:25",15
"2019-05-07 13:40:22",15
"2019-05-07 14:40:19",16
"2019-05-07 15:40:18",16
"2019-05-07 16:40:20",16
"2019-05-07 17:40:22",16
"2019-05-07 18:40:20",16
"2019-05-07 19:40:23",16
"2019-05-07 20:40:21",16
"2019-05-07 21:40:20",16
"2019-05-07 22:40:19",16
"2019-05-07 23:40:22",16
"2019-05-08 00:40:19",16
"2019-05-08 01:40:20",16
"2019-05-08 02:40:20",16
"2019-05-08 03:40:24",16
"2019-05-08 04:40:21",16
"2019-05-08 05:40:21",16
"2019-05-08 06:40:22",16
"2019-05-08 07:40:20",16
"2019-05-08 08:40:19",16
"2019-05-08 09:40:24",16
"2019-05-08 10:40:20",16
"2019-05-08 11:40:22",16
"2019-05-08 13:04:24",16
"2019-05-08 13:40:20",16
"2019-05-08 14:40:21",16
"2019-05-08 15:40:24",16
"2019-05-08 16:40:22",16
"2019-05-08 17:40:23",16
"2019-05-08 18:40:26",16
"2019-05-08 19:40:21",16
"2019-05-08 20:40:20",15
"2019-05-08 21:40:21",15
"2019-05-08 22:40:19",15
"2019-05-08 23:40:27",15
"2019-05-09 00:40:21",15
"2019-05-09 01:40:23",15
"2019-05-09 02:40:22",15
"2019-05-09 03:40:26",15
"2019-05-09 04:40:25",15
"2019-05-09 05:40:22",15
"2019-05-09 06:40:23",15
"2019-05-09 07:40:23",15
"2019-05-09 08:40:22",15
"2019-05-09 09:40:26",15
"2019-05-09 10:40:21",15
"2019-05-09 11:40:24",15
"2019-05-09 13:03:53",15
"2019-05-09 13:40:22",15
"2019-05-09 14:40:21",15
"2019-05-09 15:40:24",15
"2019-05-09 16:40:21",16
"2019-05-09 17:40:25",16
"2019-05-09 18:40:22",16
"2019-05-09 19:40:23",16
"2019-05-09 20:40:23",16
"2019-05-09 21:40:21",16
"2019-05-09 22:40:25",16
"2019-05-09 23:40:20",16
"2019-05-10 00:40:20",16
"2019-05-10 01:40:24",16
"2019-05-10 02:40:25",16
"2019-05-10 03:40:20",16
"2019-05-10 04:40:25",16
"2019-05-10 05:40:21",16
"2019-05-10 06:40:21",16
"2019-05-10 07:40:20",16
"2019-05-10 08:40:24",16
"2019-05-10 09:40:21",16
"2019-05-10 10:40:22",16
"2019-05-10 11:40:21",16
"2019-05-10 12:40:25",16
"2019-05-10 13:40:22",16
"2019-05-10 14:40:24",16
"2019-05-10 15:40:22",16
"2019-05-10 16:40:22",16
"2019-05-10 17:40:22",16
"2019-05-10 18:40:26",16
"2019-05-10 19:40:21",16
"2019-05-10 20:40:21",16
"2019-05-10 21:40:22",16
"2019-05-10 22:40:22",16
"2019-05-10 23:40:22",16
"2019-05-11 00:40:27",16
"2019-05-11 01:40:21",16
"2019-05-11 02:40:25",16
"2019-05-11 03:40:21",16
"2019-05-11 04:40:22",16
"2019-05-11 05:40:30",16
"2019-05-11 06:40:21",16
"2019-05-11 07:40:21",16
"2019-05-11 08:40:25",16
"2019-05-11 09:40:21",16
"2019-05-11 10:40:27",16
"2019-05-11 11:40:22",16
"2019-05-11 12:40:21",16
"2019-05-11 13:40:24",16
"2019-05-11 14:40:21",16
"2019-05-11 15:40:23",16
"2019-05-11 16:40:27",16
"2019-05-11 17:40:23",16
"2019-05-11 18:40:23",16
"2019-05-11 19:40:23",16
"2019-05-11 20:40:22",16
"2019-05-11 21:40:22",16
"2019-05-11 22:40:24",16
"2019-05-11 23:40:23",16
"2019-05-12 00:40:21",16
"2019-05-12 01:40:22",16
"2019-05-12 02:40:22",16
"2019-05-12 03:40:25",16
"2019-05-12 04:40:21",16
"2019-05-12 05:40:23",16
"2019-05-12 06:40:22",16
"2019-05-12 07:40:25",16
"2019-05-12 08:40:22",16
"2019-05-12 09:40:25",16
"2019-05-12 10:40:21",16
"2019-05-12 11:40:22",16
"2019-05-12 12:40:21",16
"2019-05-12 13:40:26",16
"2019-05-12 14:40:21",16
"2019-05-12 15:40:23",16
"2019-05-12 16:40:24",16
"2019-05-12 17:40:26",16
"2019-05-12 18:40:21",16
"2019-05-12 19:40:22",16
"2019-05-12 20:40:21",16
"2019-05-12 21:40:20",16
"2019-05-12 22:40:26",16
"2019-05-12 23:40:21",16
"2019-05-13 00:40:23",16
"2019-05-13 01:40:21",16
"2019-05-13 02:40:21",16
"2019-05-13 03:40:25",16
"2019-05-13 04:40:20",16
"2019-05-13 05:40:19",16
"2019-05-13 06:40:24",16
"2019-05-13 07:40:19",16
"2019-05-13 08:40:20",16
"2019-05-13 09:40:21",16
"2019-05-13 10:40:24",16
"2019-05-13 11:40:21",16
"2019-05-13 13:03:55",16
"2019-05-13 13:40:22",16
"2019-05-13 14:40:22",17
"2019-05-13 15:40:26",17
"2019-05-13 16:40:21",17
"2019-05-13 17:40:22",18
"2019-05-13 18:40:24",17
"2019-05-13 19:40:24",17
"2019-05-13 20:40:21",17
"2019-05-13 21:40:24",17
"2019-05-13 22:40:21",17
"2019-05-13 23:40:21",17
"2019-05-14 00:40:32",17
"2019-05-14 01:40:20",17
"2019-05-14 02:40:23",17
"2019-05-14 03:40:24",17
"2019-05-14 04:40:22",17
"2019-05-14 05:40:21",17
"2019-05-14 06:40:21",17
"2019-05-14 07:40:25",17
"2019-05-14 08:40:24",17
"2019-05-14 09:40:25",17
"2019-05-14 10:40:22",17
"2019-05-14 11:40:22",17
"2019-05-14 13:03:26",17
"2019-05-14 13:40:24",17
"2019-05-14 14:40:22",17
"2019-05-14 15:40:24",17
"2019-05-14 16:40:23",16
"2019-05-14 17:40:20",16
"2019-05-14 18:40:23",16
"2019-05-14 19:40:21",16
"2019-05-14 20:40:22",16
"2019-05-14 21:40:21",16
"2019-05-14 22:40:24",16
"2019-05-14 23:40:23",16
"2019-05-15 00:40:22",16
"2019-05-15 01:40:22",16
"2019-05-15 02:40:20",16
"2019-05-15 03:40:24",16
"2019-05-15 04:40:22",16
"2019-05-15 05:40:23",16
"2019-05-15 06:40:24",16
"2019-05-15 07:40:23",16
"2019-05-15 08:40:23",16
"2019-05-15 09:40:25",16
"2019-05-15 10:40:27",16
"2019-05-15 11:40:22",16
"2019-05-15 13:04:26",16
"2019-05-15 13:40:22",16
"2019-05-15 14:40:22",16
"2019-05-15 15:40:21",16
"2019-05-15 16:40:24",16
"2019-05-15 17:40:23",16
"2019-05-15 18:40:24",16
"2019-05-15 19:40:22",16
"2019-05-15 20:40:22",16
"2019-05-15 21:40:23",16
"2019-05-15 22:40:22",16
"2019-05-15 23:40:22",16
"2019-05-16 00:40:22",16
"2019-05-16 01:40:24",16
"2019-05-16 02:40:25",16
"2019-05-16 03:40:21",16
"2019-05-16 04:40:22",16
"2019-05-16 05:40:24",16
"2019-05-16 06:40:23",16
"2019-05-16 07:40:24",16
"2019-05-16 08:40:23",16
"2019-05-16 09:40:24",16
"2019-05-16 10:40:29",16
"2019-05-16 11:40:22",16
"2019-05-16 13:03:25",16
"2019-05-16 13:40:29",16
"2019-05-16 14:40:23",16
"2019-05-16 15:40:21",15
"2019-05-16 16:40:25",15
"2019-05-16 17:40:23",15
"2019-05-16 18:40:25",15
"2019-05-16 19:40:25",15
"2019-05-16 20:40:22",15
"2019-05-16 21:40:23",15
"2019-05-16 22:40:23",15
"2019-05-16 23:40:22",15
"2019-05-17 00:40:28",15
"2019-05-17 01:40:23",15
"2019-05-17 02:40:22",15
"2019-05-17 03:40:22",15
"2019-05-17 04:40:22",15
"2019-05-17 05:40:23",15
"2019-05-17 06:40:28",15
"2019-05-17 07:40:24",15
"2019-05-17 08:40:28",15
"2019-05-17 09:40:26",15
"2019-05-17 10:40:22",15
"2019-05-17 11:40:25",15
"2019-05-17 13:04:57",15
"2019-05-17 13:40:28",15
"2019-05-17 14:40:25",15
"2019-05-17 15:40:23",15
"2019-05-17 16:40:26",15
"2019-05-17 17:40:24",15
"2019-05-17 18:40:23",15
"2019-05-17 19:40:26",15
"2019-05-17 20:40:23",17
"2019-05-17 21:40:24",17
"2019-05-17 22:40:23",17
"2019-05-17 23:40:24",17
"2019-05-18 00:40:25",17
"2019-05-18 01:40:25",17
"2019-05-18 02:40:24",17
"2019-05-18 04:40:21",17
"2019-05-18 05:40:21",17
"2019-05-18 06:40:22",17
"2019-05-18 07:40:20",17
"2019-05-18 08:40:20",17
"2019-05-18 09:40:20",17
"2019-05-18 10:40:20",17
"2019-05-18 11:40:22",17
"2019-05-18 12:40:20",17
"2019-05-18 13:40:21",17
"2019-05-18 14:40:21",17
"2019-05-18 15:40:21",17
"2019-05-18 16:40:20",17
"2019-05-18 17:40:22",17
"2019-05-18 18:40:19",17
"2019-05-18 19:40:20",17
"2019-05-18 20:40:20",17
"2019-05-18 21:40:21",17
"2019-05-18 22:40:21",17
"2019-05-18 23:40:20",17
"2019-05-19 00:40:19",17
"2019-05-19 01:40:20",17
"2019-05-19 02:40:20",17
"2019-05-19 03:40:20",17
"2019-05-19 04:40:22",17
"2019-05-19 05:40:20",17
"2019-05-19 06:40:20",17
"2019-05-19 07:40:20",17
"2019-05-19 08:40:20",17
"2019-05-19 09:40:20",17
"2019-05-19 10:40:20",17
"2019-05-19 11:40:20",17
"2019-05-19 12:40:21",17
"2019-05-19 13:40:21",17
"2019-05-19 14:40:20",17
"2019-05-19 15:40:20",17
"2019-05-19 16:40:21",17
"2019-05-19 17:40:20",17
"2019-05-19 18:40:20",17
"2019-05-19 19:40:20",17
"2019-05-19 20:40:20",17
"2019-05-19 21:40:21",17
"2019-05-19 22:40:20",17
"2019-05-19 23:40:20",17
"2019-05-20 00:40:21",17
"2019-05-20 01:40:21",17
"2019-05-20 02:40:22",17
"2019-05-20 03:40:21",17
"2019-05-20 04:40:22",17
"2019-05-20 05:40:22",17
"2019-05-20 06:40:21",17
"2019-05-20 07:40:21",17
"2019-05-20 08:40:21",17
"2019-05-20 09:40:21",17
"2019-05-20 10:40:21",17
"2019-05-20 11:40:21",17
"2019-05-20 12:40:22",17
"2019-05-20 13:40:22",17
"2019-05-20 14:40:21",17
"2019-05-20 15:40:20",16
"2019-05-20 16:40:22",16
"2019-05-20 17:40:21",16
"2019-05-20 18:40:20",17
"2019-05-20 19:40:21",16
"2019-05-20 20:40:20",16
"2019-05-20 21:40:21",16
"2019-05-20 22:40:20",16
"2019-05-20 23:40:24",16
"2019-05-21 00:40:20",16
"2019-05-21 01:40:21",16
"2019-05-21 02:40:21",16
"2019-05-21 03:40:21",16
"2019-05-21 04:40:21",16
"2019-05-21 05:40:20",16
"2019-05-21 06:40:19",16
"2019-05-21 07:40:21",16
"2019-05-21 08:40:20",16
"2019-05-21 09:40:19",16
"2019-05-21 10:40:20",16
"2019-05-21 11:40:20",16
"2019-05-21 13:04:23",16
"2019-05-21 13:40:21",16
"2019-05-21 14:40:21",16
"2019-05-21 15:40:19",16
"2019-05-21 16:40:19",16
"2019-05-21 17:40:20",16
"2019-05-21 18:40:20",16
"2019-05-21 19:40:20",16
"2019-05-21 20:40:20",16
"2019-05-21 21:40:20",16
"2019-05-21 22:40:22",16
"2019-05-21 23:40:20",16
"2019-05-22 00:40:20",16
"2019-05-22 01:40:20",16
"2019-05-22 02:40:19",16
"2019-05-22 03:40:20",16
"2019-05-22 04:40:21",16
"2019-05-22 05:40:21",16
"2019-05-22 06:40:20",16
"2019-05-22 07:40:20",16
"2019-05-22 08:40:21",16
"2019-05-22 09:40:24",16
"2019-05-22 10:40:20",16
"2019-05-22 11:40:20",16
"2019-05-22 12:40:20",16
"2019-05-22 13:40:21",16
"2019-05-22 14:40:20",16
"2019-05-22 15:40:22",16
"2019-05-22 16:40:21",16
"2019-05-22 17:40:20",16
"2019-05-22 18:40:20",16
"2019-05-22 19:40:20",16
"2019-05-22 20:40:19",16
"2019-05-22 21:40:21",16
"2019-05-22 22:40:20",16
"2019-05-22 23:40:20",16
"2019-05-23 00:40:20",16
"2019-05-23 01:40:20",16
"2019-05-23 02:40:20",16
"2019-05-23 03:40:20",16
"2019-05-23 04:40:23",16
"2019-05-23 05:40:20",16
"2019-05-23 06:40:20",16
"2019-05-23 07:40:20",16
"2019-05-23 08:40:21",16
"2019-05-23 09:40:20",16
"2019-05-23 10:40:21",16
"2019-05-23 11:40:20",16
"2019-05-23 12:40:21",16
"2019-05-23 13:40:20",16
"2019-05-23 14:40:20",17
"2019-05-23 15:40:20",17
"2019-05-23 16:40:20",17
"2019-05-23 17:40:20",17
"2019-05-23 18:40:20",17
"2019-05-23 19:40:21",18
"2019-05-23 20:40:20",18
"2019-05-23 21:40:20",18
"2019-05-23 22:40:20",18
"2019-05-23 23:40:20",18
"2019-05-24 00:40:20",18
"2019-05-24 01:40:20",18
"2019-05-24 02:40:19",18
"2019-05-24 03:40:20",18
"2019-05-24 04:40:20",18
"2019-05-24 05:40:22",18
"2019-05-24 06:40:20",18
"2019-05-24 07:40:19",18
"2019-05-24 08:40:20",18
"2019-05-24 09:40:21",18
"2019-05-24 10:40:21",18
"2019-05-24 11:40:20",18
"2019-05-24 13:04:24",18
"2019-05-24 13:40:21",18
"2019-05-24 14:40:22",18
"2019-05-24 15:40:21",18
"2019-05-24 16:40:21",18
"2019-05-24 17:40:22",18
"2019-05-24 18:40:22",19
"2019-05-24 19:40:22",19
"2019-05-24 20:40:22",19
"2019-05-24 21:40:22",19
"2019-05-24 22:40:22",19
"2019-05-24 23:40:23",19
"2019-05-25 00:40:22",19
"2019-05-25 01:40:21",19
"2019-05-25 04:40:21",19
"2019-05-26 04:40:22",19
"2019-05-26 05:40:22",19
"2019-05-26 06:40:21",19
"2019-05-26 07:40:23",19
"2019-05-26 08:40:21",19
"2019-05-26 09:40:20",19
"2019-05-26 10:40:21",19
"2019-05-26 11:40:21",19
"2019-05-26 12:40:21",19
"2019-05-26 13:40:21",19
"2019-05-26 14:40:22",19
"2019-05-26 15:40:20",19
"2019-05-26 16:40:21",19
"2019-05-26 17:40:23",19
"2019-05-26 18:40:21",19
"2019-05-26 19:40:21",19
"2019-05-26 20:40:21",19
"2019-05-26 21:40:21",19
"2019-05-26 22:40:21",19
"2019-05-26 23:40:21",19
"2019-05-27 00:40:21",19
"2019-05-27 01:40:22",19
"2019-05-27 02:40:20",19
"2019-05-27 03:40:22",19
"2019-05-27 04:40:22",19
"2019-05-27 05:40:21",19
"2019-05-27 06:40:21",19
"2019-05-27 07:40:25",19
"2019-05-27 08:40:23",19
"2019-05-27 09:40:22",19
"2019-05-27 10:40:21",19
"2019-05-27 11:40:21",19
"2019-05-27 12:40:21",19
"2019-05-27 13:40:21",19
"2019-05-27 14:40:22",19
"2019-05-27 15:40:21",19
"2019-05-27 16:40:22",19
"2019-05-27 17:40:22",19
"2019-05-27 18:40:22",19
"2019-05-27 19:40:21",19
"2019-05-27 20:40:20",19
"2019-05-27 21:40:21",19
"2019-05-27 22:40:20",19
"2019-05-27 23:40:21",19
"2019-05-28 00:40:21",19
"2019-05-28 01:40:22",19
"2019-05-28 02:40:22",19
"2019-05-28 03:40:21",19
"2019-05-28 04:40:21",19
"2019-05-28 05:40:21",19
"2019-05-28 06:40:25",19
"2019-05-28 07:40:22",19
"2019-05-28 08:40:22",19
"2019-05-28 09:40:22",19
"2019-05-28 10:40:22",19
"2019-05-28 11:40:21",19
"2019-05-28 12:40:21",19
"2019-05-28 13:40:23",19
"2019-05-28 14:40:22",19
"2019-05-28 15:40:22",19
"2019-05-28 16:40:23",19
"2019-05-28 17:40:24",20
"2019-05-28 18:40:22",20
"2019-05-28 19:40:22",20
"2019-05-28 20:40:23",21
"2019-05-28 21:40:22",21
"2019-05-28 22:40:21",21
"2019-05-28 23:40:22",21
"2019-05-29 00:40:22",21
"2019-05-29 01:40:22",21
"2019-05-29 02:40:22",21
"2019-05-29 03:40:21",21
"2019-05-29 04:40:22",21
"2019-05-29 05:40:24",21
"2019-05-29 06:40:23",21
"2019-05-29 07:40:24",21
"2019-05-29 08:40:22",21
"2019-05-29 09:40:24",21
"2019-05-29 10:40:22",21
"2019-05-29 11:40:21",21
"2019-05-29 13:03:26",21
"2019-05-29 13:40:23",21
"2019-05-29 14:40:24",21
"2019-05-29 15:40:23",21
"2019-05-29 16:40:23",21
"2019-05-29 17:40:23",21
"2019-05-29 18:40:23",21
"2019-05-29 19:40:24",20
"2019-05-29 20:40:22",20
"2019-05-29 21:40:22",20
"2019-05-29 22:40:22",20
"2019-05-29 23:40:23",20
"2019-05-30 00:40:22",20
"2019-05-30 01:40:22",20
"2019-05-30 02:40:23",20
"2019-05-30 03:40:22",20
"2019-05-30 04:40:22",20
"2019-05-30 05:40:23",20
"2019-05-30 06:40:22",20
"2019-05-30 07:40:22",20
"2019-05-30 08:40:24",20
"2019-05-30 09:40:23",20
"2019-05-30 10:40:22",20
"2019-05-30 11:40:22",20
"2019-05-30 12:40:25",20
"2019-05-30 13:40:21",20
"2019-05-30 14:40:23",20
"2019-05-30 15:40:23",21
"2019-05-30 16:40:22",21
"2019-05-30 17:40:22",22
"2019-05-30 18:40:23",22
"2019-05-30 19:40:22",22
"2019-05-30 20:40:22",22
"2019-05-30 21:40:22",22
"2019-05-30 22:40:23",22
"2019-05-30 23:40:22",22
"2019-05-31 00:40:21",22
"2019-05-31 01:40:22",22
"2019-05-31 02:40:22",22
"2019-05-31 03:40:21",22
"2019-05-31 04:40:22",22
"2019-05-31 05:40:22",22
"2019-05-31 06:40:23",22
"2019-05-31 07:40:21",22
"2019-05-31 08:40:22",22
"2019-05-31 09:40:23",22
"2019-05-31 10:40:22",22
"2019-05-31 11:40:22",22
"2019-05-31 12:41:07",22
"2019-05-31 13:40:22",22
"2019-05-31 14:40:22",21
"2019-05-31 15:40:23",21
"2019-05-31 16:40:22",21
"2019-05-31 17:40:25",21
"2019-05-31 18:40:22",21
"2019-05-31 19:40:22",21
"2019-05-31 20:40:22",21
"2019-05-31 21:40:23",21
"2019-05-31 22:40:21",21
"2019-05-31 23:40:22",21
"2019-06-01 00:40:22",21
"2019-06-01 01:40:22",21
"2019-06-01 02:40:22",21
"2019-06-01 03:40:22",21
"2019-06-01 04:40:22",21
"2019-06-01 05:40:22",21
"2019-06-01 06:40:24",21
"2019-06-01 07:40:22",21
"2019-06-01 08:40:22",21
"2019-06-01 09:40:22",21
"2019-06-01 10:40:22",21
"2019-06-01 11:40:22",21
"2019-06-01 12:40:22",21
"2019-06-01 13:40:22",21
"2019-06-01 14:40:23",21
"2019-06-01 15:40:23",21
"2019-06-01 16:40:22",21
"2019-06-01 17:40:22",21
"2019-06-01 18:40:23",21
"2019-06-01 19:40:23",21
"2019-06-01 20:40:22",21
"2019-06-01 21:40:22",21
"2019-06-01 22:40:22",21
"2019-06-01 23:40:22",21
"2019-06-02 00:40:23",21
"2019-06-02 01:40:24",21
"2019-06-02 02:40:23",21
"2019-06-02 03:40:22",21
"2019-06-02 04:40:22",21
"2019-06-02 05:40:25",21
"2019-06-02 06:40:22",21
"2019-06-02 07:40:22",21
"2019-06-02 08:40:22",21
"2019-06-02 09:40:22",21
"2019-06-02 10:40:22",21
"2019-06-02 11:40:22",21
"2019-06-02 12:40:24",21
"2019-06-02 13:40:23",21
"2019-06-02 14:40:23",21
"2019-06-02 15:40:21",21
"2019-06-02 16:40:22",21
"2019-06-02 17:40:23",21
"2019-06-02 18:40:22",21
"2019-06-02 19:40:22",21
"2019-06-02 20:40:22",21
"2019-06-02 21:40:23",21
"2019-06-02 22:40:23",21
"2019-06-02 23:40:22",21
"2019-06-03 00:40:22",21
"2019-06-03 01:40:24",21
"2019-06-03 02:40:23",21
"2019-06-03 03:40:22",21
"2019-06-03 04:40:22",21
"2019-06-03 05:40:23",21
"2019-06-03 06:40:22",21
"2019-06-03 07:40:22",21
"2019-06-03 08:40:24",21
"2019-06-03 09:40:22",21
"2019-06-03 10:40:23",21
"2019-06-03 11:40:24",21
"2019-06-03 12:40:22",21
"2019-06-03 13:40:23",21
"2019-06-03 14:40:23",20
"2019-06-03 15:40:23",20
"2019-06-03 16:40:22",20
"2019-06-03 17:40:22",20
"2019-06-03 18:40:24",20
"2019-06-03 19:40:23",20
"2019-06-03 20:40:22",20
"2019-06-03 21:40:23",20
"2019-06-03 22:40:23",20
"2019-06-03 23:40:25",20
"2019-06-04 00:40:22",20
"2019-06-04 01:40:22",20
"2019-06-04 02:40:22",20
"2019-06-04 03:40:22",20
"2019-06-04 04:40:22",20
"2019-06-04 05:40:22",20
"2019-06-04 06:40:22",20
"2019-06-04 07:40:22",20
"2019-06-04 08:40:24",20
"2019-06-04 09:40:22",20
"2019-06-04 10:40:23",20
"2019-06-04 11:40:22",20
"2019-06-04 13:02:56",20
"2019-06-04 13:40:24",20
"2019-06-04 14:40:25",20
"2019-06-04 15:40:24",20
"2019-06-04 16:40:23",20
"2019-06-04 17:40:24",20
"2019-06-04 18:40:24",20
"2019-06-04 19:40:23",20
"2019-06-04 20:40:23",20
"2019-06-04 21:40:22",20
"2019-06-04 22:40:23",20
"2019-06-04 23:40:25",20
"2019-06-05 00:40:23",20
"2019-06-05 01:40:24",20
"2019-06-05 02:40:25",20
"2019-06-05 03:40:24",20
"2019-06-05 04:40:26",20
"2019-06-05 05:40:23",20
"2019-06-05 06:40:24",20
"2019-06-05 07:40:24",20
"2019-06-05 08:40:26",20
"2019-06-05 09:40:23",20
"2019-06-05 10:40:23",20
"2019-06-05 11:40:25",20
"2019-06-05 13:04:26",20
"2019-06-05 13:40:22",20
"2019-06-05 14:40:23",20
"2019-06-05 15:40:24",20
"2019-06-05 16:40:23",20
"2019-06-05 17:40:24",20
"2019-06-05 18:40:24",19
"2019-06-05 19:40:25",19
"2019-06-05 20:40:23",19
"2019-06-05 21:40:23",19
"2019-06-05 22:40:23",19
"2019-06-05 23:40:23",19
"2019-06-06 00:40:24",19
"2019-06-06 01:40:22",19
"2019-06-06 02:40:23",19
"2019-06-06 03:40:23",19
"2019-06-06 04:40:26",19
"2019-06-06 05:40:23",19
"2019-06-06 06:40:25",19
"2019-06-06 07:40:23",19
"2019-06-06 08:40:25",19
"2019-06-06 09:40:24",19
"2019-06-06 10:40:27",19
"2019-06-06 11:40:23",19
"2019-06-06 13:04:26",19
"2019-06-06 13:40:24",19
"2019-06-06 14:40:24",20
"2019-06-06 15:40:25",21
"2019-06-06 16:40:24",21
"2019-06-06 17:40:25",21
"2019-06-06 18:40:25",21
"2019-06-06 19:40:25",21
"2019-06-06 20:40:22",21
"2019-06-06 21:40:23",21
"2019-06-06 22:40:23",21
"2019-06-06 23:40:23",21
"2019-06-07 00:40:24",21
"2019-06-07 01:40:24",21
"2019-06-07 02:40:23",21
"2019-06-07 03:40:24",21
"2019-06-07 04:40:25",21
"2019-06-07 05:40:23",21
"2019-06-07 06:40:24",21
"2019-06-07 07:40:24",21
"2019-06-07 08:40:24",21
"2019-06-07 09:40:24",21
"2019-06-07 10:40:24",21
"2019-06-07 11:40:23",21
"2019-06-07 13:04:28",21
"2019-06-07 13:40:25",21
"2019-06-07 14:40:24",21
"2019-06-07 15:40:24",21
"2019-06-07 16:40:24",21
"2019-06-07 17:40:24",21
"2019-06-07 18:40:23",21
"2019-06-07 19:40:24",21
"2019-06-07 20:40:24",21
"2019-06-07 21:40:24",21
"2019-06-07 22:40:23",21
"2019-06-07 23:40:24",21
"2019-06-08 00:40:23",21
"2019-06-08 01:40:25",21
"2019-06-08 02:40:25",21
"2019-06-08 03:40:25",21
"2019-06-08 04:40:24",21
"2019-06-08 05:40:28",21
"2019-06-08 06:40:25",21
"2019-06-08 07:40:25",21
"2019-06-08 08:40:24",21
"2019-06-08 09:40:24",21
"2019-06-08 10:40:23",21
"2019-06-08 11:40:25",21
"2019-06-08 12:40:24",21
"2019-06-08 13:40:23",21
"2019-06-08 14:40:22",21
"2019-06-08 15:40:24",21
"2019-06-08 16:40:24",21
"2019-06-08 17:40:24",21
"2019-06-08 18:40:24",21
"2019-06-08 19:40:23",21
"2019-06-08 20:40:24",21
"2019-06-08 21:40:23",21
"2019-06-08 22:40:24",21
"2019-06-08 23:40:25",21
"2019-06-09 00:40:23",21
"2019-06-09 01:40:24",21
"2019-06-09 02:40:26",21
"2019-06-09 03:40:27",21
"2019-06-09 04:40:23",21
"2019-06-09 05:40:26",21
"2019-06-09 06:40:23",21
"2019-06-09 07:40:25",21
"2019-06-09 08:40:23",21
"2019-06-09 09:40:25",21
"2019-06-09 10:40:24",21
"2019-06-09 11:40:24",21
"2019-06-09 12:40:24",21
"2019-06-09 13:40:24",21
"2019-06-09 14:40:23",21
"2019-06-09 15:40:25",21
"2019-06-09 16:40:23",21
"2019-06-09 17:40:24",21
"2019-06-09 18:40:23",21
"2019-06-09 19:40:23",21
"2019-06-09 20:40:24",21
"2019-06-09 21:40:23",21
"2019-06-09 22:40:26",21
"2019-06-09 23:40:24",21
"2019-06-10 00:40:24",21
"2019-06-10 01:40:25",21
"2019-06-10 02:40:24",21
"2019-06-10 03:40:24",21
"2019-06-10 04:40:25",21
"2019-06-10 05:40:25",21
"2019-06-10 06:40:23",21
"2019-06-10 07:40:25",21
"2019-06-10 08:40:24",21
"2019-06-10 09:40:24",21
"2019-06-10 10:40:27",21
"2019-06-10 11:40:24",21
"2019-06-10 12:40:27",21
"2019-06-10 13:40:25",21
"2019-06-10 14:40:24",21
"2019-06-10 15:40:25",21
"2019-06-10 16:40:27",20
"2019-06-10 17:40:24",20
"2019-06-10 18:40:26",19
"2019-06-10 19:40:26",19
"2019-06-10 20:40:25",19
"2019-06-10 21:40:24",19
"2019-06-10 22:40:24",19
"2019-06-10 23:40:24",19
"2019-06-11 00:40:25",19
"2019-06-11 01:40:27",19
"2019-06-11 02:40:26",19
"2019-06-11 03:40:25",19
"2019-06-11 04:40:25",19
"2019-06-11 05:40:25",19
"2019-06-11 06:40:25",19
"2019-06-11 07:40:24",19
"2019-06-11 08:40:23",19
"2019-06-11 09:40:25",19
"2019-06-11 10:40:24",19
"2019-06-11 11:40:24",19
"2019-06-11 13:03:59",19
"2019-06-11 13:40:26",19
"2019-06-11 14:40:25",19
"2019-06-11 15:40:25",19
"2019-06-11 16:40:27",19
"2019-06-11 17:40:26",19
"2019-06-11 18:40:28",19
"2019-06-11 19:40:25",19
"2019-06-11 20:40:26",19
"2019-06-11 21:40:25",19
"2019-06-11 22:40:25",19
"2019-06-11 23:40:25",19
"2019-06-12 00:40:27",19
"2019-06-12 01:40:25",19
"2019-06-12 02:40:26",19
"2019-06-12 03:40:30",19
"2019-06-12 04:40:28",19
"2019-06-12 05:40:27",19
"2019-06-12 06:40:27",19
"2019-06-12 07:40:27",19
"2019-06-12 08:40:27",19
"2019-06-12 09:40:30",19
"2019-06-12 10:40:27",19
"2019-06-12 11:40:26",19
"2019-06-12 13:03:30",19
"2019-06-12 13:40:26",19
"2019-06-12 14:40:26",19
"2019-06-12 15:40:27",19
"2019-06-12 16:40:27",19
"2019-06-12 17:40:25",19
"2019-06-12 18:40:26",19
"2019-06-12 19:40:26",19
"2019-06-12 20:40:26",19
"2019-06-12 21:40:26",19
"2019-06-12 22:40:26",19
"2019-06-12 23:40:26",19
"2019-06-13 00:40:27",19
"2019-06-13 01:40:26",19
"2019-06-13 02:40:26",19
"2019-06-13 03:40:26",19
"2019-06-13 04:40:28",19
"2019-06-13 05:40:27",19
"2019-06-13 06:40:26",19
"2019-06-13 07:40:26",19
"2019-06-13 08:40:25",19
"2019-06-13 09:40:26",19
"2019-06-13 10:40:26",19
"2019-06-13 11:40:25",19
"2019-06-13 13:04:28",19
"2019-06-13 13:40:28",19
"2019-06-13 14:40:27",19
"2019-06-13 15:40:28",19
"2019-06-13 16:40:26",19
"2019-06-13 17:40:26",19
"2019-06-13 18:40:26",19
"2019-06-13 19:40:26",19
"2019-06-13 20:40:24",19
"2019-06-13 21:40:26",19
"2019-06-13 22:40:25",19
"2019-06-13 23:40:27",19
"2019-06-14 00:40:27",19
"2019-06-14 01:40:26",19
"2019-06-14 02:40:27",19
"2019-06-14 03:40:26",19
"2019-06-14 04:40:26",19
"2019-06-14 05:40:26",19
"2019-06-14 06:40:31",19
"2019-06-14 07:40:27",19
"2019-06-14 08:40:27",19
"2019-06-14 09:40:26",19
"2019-06-14 10:40:26",19
"2019-06-14 11:40:26",19
"2019-06-14 12:40:27",19
"2019-06-14 13:40:26",19
"2019-06-14 14:40:27",19
"2019-06-14 15:40:28",19
"2019-06-14 16:40:28",19
"2019-06-14 17:40:26",19
"2019-06-14 18:40:26",19
"2019-06-14 19:40:26",19
"2019-06-14 20:40:26",19
"2019-06-14 21:40:27",19
"2019-06-14 22:40:26",19
"2019-06-14 23:40:27",19
"2019-06-15 00:40:26",19
"2019-06-15 01:40:28",19
"2019-06-15 02:40:26",19
"2019-06-15 03:40:27",19
"2019-06-15 04:40:28",19
"2019-06-15 05:40:28",19
"2019-06-15 06:40:25",19
"2019-06-15 07:40:26",19
"2019-06-15 08:40:26",19
"2019-06-15 09:40:28",19
"2019-06-15 10:40:26",19
"2019-06-15 11:40:26",19
"2019-06-15 12:40:28",19
"2019-06-15 13:40:26",19
"2019-06-15 14:40:27",19
"2019-06-15 15:40:26",19
"2019-06-15 16:40:27",19
"2019-06-15 17:40:26",19
"2019-06-15 18:40:26",19
"2019-06-15 19:40:26",19
"2019-06-15 20:40:27",19
"2019-06-15 21:40:29",19
"2019-06-15 22:40:27",19
"2019-06-15 23:40:26",19
"2019-06-16 00:40:25",19
"2019-06-16 01:40:27",19
"2019-06-16 02:40:28",19
"2019-06-16 03:40:26",19
"2019-06-16 04:40:27",19
"2019-06-16 05:40:28",19
"2019-06-16 06:40:28",19
"2019-06-16 07:40:27",19
"2019-06-16 08:40:27",19
"2019-06-16 09:40:26",19
"2019-06-16 10:40:25",19
"2019-06-16 11:40:26",19
"2019-06-16 12:40:27",19
"2019-06-16 13:40:26",19
"2019-06-16 14:40:27",19
"2019-06-16 15:40:27",19
"2019-06-16 16:40:26",19
"2019-06-16 17:40:27",19
"2019-06-16 18:40:28",19
"2019-06-16 19:40:26",19
"2019-06-16 20:40:27",19
"2019-06-16 21:40:27",19
"2019-06-16 22:40:25",19
"2019-06-16 23:40:26",19
"2019-06-17 00:40:26",19
"2019-06-17 01:40:26",19
"2019-06-17 02:40:28",19
"2019-06-17 03:40:27",19
"2019-06-17 04:40:27",19
"2019-06-17 05:40:27",19
"2019-06-17 06:40:28",19
"2019-06-17 07:40:26",19
"2019-06-17 08:40:26",19
"2019-06-17 09:40:25",19
"2019-06-17 10:40:28",19
"2019-06-17 11:40:28",19
"2019-06-17 13:05:00",19
"2019-06-17 13:40:27",19
"2019-06-17 14:40:27",19
"2019-06-17 15:40:28",19
"2019-06-17 16:40:30",19
"2019-06-17 17:40:29",19
"2019-06-17 18:40:29",19
"2019-06-17 19:40:27",19
"2019-06-17 20:40:28",19
"2019-06-17 21:40:27",19
"2019-06-17 22:40:29",19
"2019-06-17 23:40:27",19
"2019-06-18 00:40:26",19
"2019-06-18 01:40:27",19
"2019-06-18 02:40:33",19
"2019-06-18 03:40:30",19
"2019-06-18 04:40:28",19
"2019-06-18 05:40:29",19
"2019-06-18 06:40:28",19
"2019-06-18 07:40:29",19
"2019-06-18 08:40:31",19
"2019-06-18 09:40:27",19
"2019-06-18 10:40:27",19
"2019-06-18 11:40:27",19
"2019-06-18 13:03:01",19
"2019-06-18 13:40:27",19
"2019-06-18 14:40:27",19
"2019-06-18 15:40:27",19
"2019-06-18 16:40:28",19
"2019-06-18 17:40:27",19
"2019-06-18 18:40:29",19
"2019-06-18 19:40:29",20
"2019-06-18 20:40:27",20
"2019-06-18 21:40:26",20
"2019-06-18 22:40:28",20
"2019-06-18 23:40:28",20
"2019-06-19 00:40:27",20
"2019-06-19 01:40:28",20
"2019-06-19 02:40:28",20
"2019-06-19 03:40:28",20
"2019-06-19 04:40:27",20
"2019-06-19 05:40:30",20
"2019-06-19 06:40:35",20
"2019-06-19 07:40:29",20
"2019-06-19 08:40:29",20
"2019-06-19 09:40:28",20
"2019-06-19 10:40:28",20
"2019-06-19 11:40:27",20
"2019-06-19 13:03:02",20
"2019-06-19 13:40:27",20
"2019-06-19 14:40:27",20
"2019-06-19 15:40:28",20
"2019-06-19 16:40:34",20
"2019-06-19 17:40:29",20
"2019-06-19 18:40:27",20
"2019-06-19 19:40:28",20
"2019-06-19 20:40:28",20
"2019-06-19 21:40:28",20
"2019-06-19 22:40:27",20
"2019-06-19 23:40:27",20
"2019-06-20 00:40:28",20
"2019-06-20 01:40:27",20
"2019-06-20 02:40:27",20
"2019-06-20 03:40:28",20
"2019-06-20 04:40:29",20
"2019-06-20 05:40:26",20
"2019-06-20 06:40:27",20
"2019-06-20 07:40:28",20
"2019-06-20 08:40:28",20
"2019-06-20 09:40:29",20
"2019-06-20 10:40:28",20
"2019-06-20 11:40:27",20
"2019-06-20 13:04:39",20
"2019-06-20 13:40:29",20
"2019-06-20 14:40:29",19
"2019-06-20 15:40:28",18
"2019-06-20 16:40:28",18
"2019-06-20 17:40:29",19
"2019-06-20 18:40:27",20
"2019-06-20 19:40:27",20
"2019-06-20 20:40:32",20
"2019-06-20 21:40:28",20
"2019-06-20 22:40:28",20
"2019-06-20 23:40:29",20
"2019-06-21 00:40:28",20
"2019-06-21 01:40:28",20
"2019-06-21 02:40:28",20
"2019-06-21 03:40:28",20
"2019-06-21 04:40:28",20
"2019-06-21 05:40:28",20
"2019-06-21 06:40:28",20
"2019-06-21 07:40:29",20
"2019-06-21 08:40:27",20
"2019-06-21 09:40:28",20
"2019-06-21 10:40:27",20
"2019-06-21 11:40:27",20
"2019-06-21 12:40:28",20
"2019-06-21 13:40:29",20
"2019-06-21 14:40:28",20
"2019-06-21 15:40:27",18
"2019-06-21 16:40:28",18
"2019-06-21 17:40:27",18
"2019-06-21 18:40:28",18
"2019-06-21 19:40:27",18
"2019-06-21 20:40:26",18
"2019-06-21 21:40:28",18
"2019-06-21 22:40:28",18
"2019-06-21 23:40:27",18
"2019-06-22 00:40:28",18
"2019-06-22 01:40:29",18
"2019-06-22 02:40:28",18
"2019-06-22 03:40:27",18
"2019-06-22 04:40:26",18
"2019-06-22 05:40:29",18
"2019-06-22 06:40:30",18
"2019-06-22 07:40:28",18
"2019-06-22 08:40:28",18
"2019-06-22 09:40:29",18
"2019-06-22 10:40:29",18
"2019-06-22 11:40:27",18
"2019-06-22 12:40:31",18
"2019-06-22 13:40:28",18
"2019-06-22 14:40:29",18
"2019-06-22 15:40:35",18
"2019-06-22 16:40:34",18
"2019-06-22 17:40:27",18
"2019-06-22 18:40:31",18
"2019-06-22 19:40:28",18
"2019-06-22 20:40:28",18
"2019-06-22 21:40:27",18
"2019-06-22 22:40:32",18
"2019-06-22 23:40:29",18
"2019-06-23 00:40:39",18
"2019-06-23 01:40:29",18
"2019-06-23 02:40:30",18
"2019-06-23 03:40:29",18
"2019-06-23 04:40:28",18
"2019-06-23 05:40:28",18
"2019-06-23 06:40:29",18
"2019-06-23 07:40:27",18
"2019-06-23 08:40:27",18
"2019-06-23 09:40:28",18
"2019-06-23 10:40:28",18
"2019-06-23 11:40:28",18
"2019-06-23 12:40:27",18
"2019-06-23 13:40:29",18
"2019-06-23 14:40:27",18
"2019-06-23 15:40:27",18
"2019-06-23 16:40:29",18
"2019-06-23 17:40:28",18
"2019-06-23 18:40:26",18
"2019-06-23 19:40:27",18
"2019-06-23 20:40:29",18
"2019-06-23 21:40:27",18
"2019-06-23 22:40:28",18
"2019-06-23 23:40:27",18
"2019-06-24 00:40:29",18
"2019-06-24 01:40:28",18
"2019-06-24 02:40:28",18
"2019-06-24 03:40:29",18
"2019-06-24 04:40:27",18
"2019-06-24 05:40:29",18
"2019-06-24 06:40:31",18
"2019-06-24 07:40:28",18
"2019-06-24 08:40:27",18
"2019-06-24 09:40:30",18
"2019-06-24 10:40:27",18
"2019-06-24 11:40:31",18
"2019-06-24 12:40:30",18
"2019-06-24 13:40:27",18
"2019-06-24 14:40:28",19
"2019-06-24 15:40:28",19
"2019-06-24 16:40:30",19
"2019-06-24 17:40:28",19
"2019-06-24 18:40:29",19
"2019-06-24 19:40:29",19
"2019-06-24 20:40:28",19
"2019-06-24 21:40:30",19
"2019-06-24 22:40:27",19
"2019-06-24 23:40:28",19
"2019-06-25 00:40:27",19
"2019-06-25 01:40:28",19
"2019-06-25 02:40:28",19
"2019-06-25 03:40:28",19
"2019-06-25 04:40:27",19
"2019-06-25 05:40:28",19
"2019-06-25 06:40:28",19
"2019-06-25 07:40:28",19
"2019-06-25 08:40:28",19
"2019-06-25 09:40:31",19
"2019-06-25 10:40:27",19
"2019-06-25 11:40:27",19
"2019-06-25 13:04:01",19
"2019-06-25 13:40:29",19
"2019-06-25 14:40:29",19
"2019-06-25 15:40:28",20
"2019-06-25 16:40:29",20
"2019-06-25 17:40:31",20
"2019-06-25 18:40:31",20
"2019-06-25 19:40:28",20
"2019-06-25 20:40:29",20
"2019-06-25 21:40:28",20
"2019-06-25 22:40:27",20
"2019-06-25 23:40:31",20
"2019-06-26 00:40:28",20
"2019-06-26 01:40:29",20
"2019-06-26 02:40:29",20
"2019-06-26 03:40:37",20
"2019-06-26 04:40:30",20
"2019-06-26 05:40:29",20
"2019-06-26 06:40:29",20
"2019-06-26 07:40:29",20
"2019-06-26 08:40:28",20
"2019-06-26 09:40:27",20
"2019-06-26 10:40:28",20
"2019-06-26 11:40:28",20
"2019-06-26 13:03:01",20
"2019-06-26 13:40:30",20
"2019-06-26 14:40:29",21
"2019-06-26 15:40:29",21
"2019-06-26 16:40:30",22
"2019-06-26 17:40:28",22
"2019-06-26 18:40:29",22
"2019-06-26 19:40:29",22
"2019-06-26 20:40:27",22
"2019-06-26 21:40:29",22
"2019-06-26 22:40:29",22
"2019-06-26 23:40:29",22
"2019-06-27 00:40:29",22
"2019-06-27 01:40:28",22
"2019-06-27 02:40:29",22
"2019-06-27 03:40:27",22
"2019-06-27 04:40:29",22
"2019-06-27 05:40:28",22
"2019-06-27 06:40:29",22
"2019-06-27 07:40:27",22
"2019-06-27 08:40:28",22
"2019-06-27 09:40:28",22
"2019-06-27 10:40:28",22
"2019-06-27 11:40:28",22
"2019-06-27 13:03:01",22
"2019-06-27 13:40:27",22
"2019-06-27 14:40:28",21
"2019-06-27 15:40:29",21
"2019-06-27 16:40:28",21
"2019-06-27 17:40:28",21
"2019-06-27 18:40:28",21
"2019-06-27 19:40:27",21
"2019-06-27 20:40:28",21
"2019-06-27 21:40:30",21
"2019-06-27 22:40:27",21
"2019-06-27 23:40:42",21
"2019-06-28 00:40:28",21
"2019-06-28 01:40:28",21
"2019-06-28 02:40:28",21
"2019-06-28 03:40:30",21
"2019-06-28 04:40:32",21
"2019-06-28 05:40:29",21
"2019-06-28 06:40:27",21
"2019-06-28 07:40:27",21
"2019-06-28 08:40:27",21
"2019-06-28 09:40:27",21
"2019-06-28 10:40:27",21
"2019-06-28 11:40:29",21
"2019-06-28 13:04:01",21
"2019-06-28 13:40:28",21
"2019-06-28 14:40:29",21
"2019-06-28 15:40:30",21
"2019-06-28 16:40:29",21
"2019-06-28 17:40:28",21
"2019-06-28 18:40:28",21
"2019-06-28 19:40:28",21
"2019-06-28 20:40:29",21
"2019-06-28 21:40:30",21
"2019-06-28 22:40:29",21
"2019-06-28 23:40:28",21
"2019-06-29 00:40:29",21
"2019-06-29 01:40:32",21
"2019-06-29 02:40:29",21
"2019-06-29 03:40:28",21
"2019-06-29 04:40:29",21
"2019-06-29 05:40:29",21
"2019-06-29 06:40:29",21
"2019-06-29 07:40:29",21
"2019-06-29 08:40:29",21
"2019-06-29 09:40:29",21
"2019-06-29 10:40:29",21
"2019-06-29 11:40:32",21
"2019-06-29 12:40:30",21
"2019-06-29 13:40:29",21
"2019-06-29 14:40:31",21
"2019-06-29 15:40:30",21
"2019-06-29 16:40:31",21
"2019-06-29 17:40:29",21
"2019-06-29 18:40:29",21
"2019-06-29 19:40:30",21
"2019-06-29 20:40:30",21
"2019-06-29 21:40:30",21
"2019-06-29 22:40:28",21
"2019-06-29 23:40:29",21
"2019-06-30 00:40:29",21
"2019-06-30 01:40:33",21
"2019-06-30 02:40:30",21
"2019-06-30 03:40:30",21
"2019-06-30 04:40:30",21
"2019-06-30 05:40:29",21
"2019-06-30 06:40:30",21
"2019-06-30 07:40:30",21
"2019-06-30 08:40:29",21
"2019-06-30 09:40:30",21
"2019-06-30 10:40:29",21
"2019-06-30 11:40:29",21
"2019-06-30 12:40:29",21
"2019-06-30 13:40:30",21
"2019-06-30 14:40:28",21
"2019-06-30 15:40:30",21
"2019-06-30 16:40:29",21
"2019-06-30 17:40:29",21
"2019-06-30 18:40:30",21
"2019-06-30 19:40:30",21
"2019-06-30 20:40:30",21
"2019-06-30 21:40:29",21
"2019-06-30 22:40:29",21
"2019-06-30 23:40:29",21
"2019-07-01 00:40:30",21
"2019-07-01 01:40:29",21
"2019-07-01 02:40:30",21
"2019-07-01 03:40:29",21
"2019-07-01 04:40:29",21
"2019-07-01 05:40:31",21
"2019-07-01 06:40:30",21
"2019-07-01 07:40:30",21
"2019-07-01 08:40:36",21
"2019-07-01 09:40:29",21
"2019-07-01 10:40:29",21
"2019-07-01 11:40:29",21
"2019-07-01 13:04:01",21
"2019-07-01 13:40:31",21
"2019-07-01 14:40:38",21
"2019-07-01 15:40:31",20
"2019-07-01 16:40:31",20
"2019-07-01 17:40:30",20
"2019-07-01 18:40:30",20
"2019-07-01 19:40:32",20
"2019-07-01 20:40:30",20
"2019-07-01 21:40:29",20
"2019-07-01 22:40:32",20
"2019-07-01 23:40:30",20
"2019-07-02 00:40:32",20
"2019-07-02 01:40:29",20
"2019-07-02 02:40:36",20
"2019-07-02 03:40:35",20
"2019-07-02 04:40:29",20
"2019-07-02 05:40:42",20
"2019-07-02 06:40:30",20
"2019-07-02 07:40:31",20
"2019-07-02 08:40:30",20
"2019-07-02 09:40:29",20
"2019-07-02 10:40:29",20
"2019-07-02 11:40:29",20
"2019-07-02 12:40:32",20
"2019-07-02 13:40:29",20
"2019-07-02 14:40:31",20
"2019-07-02 15:40:30",20
"2019-07-02 16:40:29",20
"2019-07-02 17:40:31",20
"2019-07-02 18:40:30",20
"2019-07-02 19:40:30",20
"2019-07-02 20:40:29",21
"2019-07-02 21:40:30",21
"2019-07-02 22:40:32",21
"2019-07-02 23:40:33",21
"2019-07-03 00:40:30",21
"2019-07-03 01:40:29",21
"2019-07-03 02:40:31",21
"2019-07-03 03:40:30",21
"2019-07-03 04:40:29",21
"2019-07-03 05:40:30",21
"2019-07-03 06:40:31",21
"2019-07-03 07:40:30",21
"2019-07-03 08:40:38",21
"2019-07-03 09:40:30",21
"2019-07-03 10:40:31",21
"2019-07-03 11:40:30",21
"2019-07-03 13:05:04",21
"2019-07-03 13:40:31",21
"2019-07-03 14:40:33",21
"2019-07-03 15:40:31",21
"2019-07-03 16:40:31",21
"2019-07-03 17:40:32",21
"2019-07-03 18:40:32",21
"2019-07-03 19:40:31",21
"2019-07-03 20:40:31",21
"2019-07-03 21:40:31",21
"2019-07-03 22:40:30",21
"2019-07-03 23:40:31",21
"2019-07-04 00:40:31",21
"2019-07-04 01:40:31",21
"2019-07-04 02:40:34",21
"2019-07-04 03:40:31",21
"2019-07-04 04:40:30",21
"2019-07-04 05:40:32",21
"2019-07-04 06:40:31",21
"2019-07-04 07:40:30",21
"2019-07-04 08:40:30",21
"2019-07-04 09:40:31",21
"2019-07-04 10:40:31",21
"2019-07-04 11:40:31",21
"2019-07-04 12:40:32",21
"2019-07-04 13:40:33",21
"2019-07-04 14:40:33",21
"2019-07-04 15:40:31",21
"2019-07-04 16:40:30",21
"2019-07-04 17:40:30",21
"2019-07-04 18:40:30",21
"2019-07-04 19:40:30",21
"2019-07-04 20:40:31",21
"2019-07-04 21:40:31",21
"2019-07-04 22:40:31",21
"2019-07-04 23:40:30",21
"2019-07-05 00:40:32",21
"2019-07-05 01:40:30",21
"2019-07-05 02:40:31",21
"2019-07-05 03:40:32",21
"2019-07-05 04:40:30",21
"2019-07-05 05:40:32",21
"2019-07-05 06:40:32",21
"2019-07-05 07:40:31",21
"2019-07-05 08:40:31",21
"2019-07-05 09:40:31",21
"2019-07-05 10:40:32",21
"2019-07-05 11:40:35",21
"2019-07-05 12:40:30",21
"2019-07-05 13:40:35",22
"2019-07-05 14:40:31",22
"2019-07-05 15:40:31",22
"2019-07-05 16:40:34",22
"2019-07-05 17:40:31",22
"2019-07-05 18:40:31",22
"2019-07-05 19:40:30",22
"2019-07-05 20:40:32",22
"2019-07-05 21:40:32",22
"2019-07-05 22:40:34",22
"2019-07-05 23:40:30",22
"2019-07-06 00:40:31",22
"2019-07-06 01:40:32",22
"2019-07-06 02:40:33",22
"2019-07-06 03:40:31",22
"2019-07-06 04:40:31",22
"2019-07-06 05:40:32",22
"2019-07-06 06:40:32",22
"2019-07-06 07:40:30",22
"2019-07-06 08:40:31",22
"2019-07-06 09:40:31",22
"2019-07-06 10:40:31",22
"2019-07-06 11:40:39",22
"2019-07-06 12:40:32",22
"2019-07-06 13:40:30",22
"2019-07-06 14:40:30",22
"2019-07-06 15:40:30",22
"2019-07-06 16:40:32",22
"2019-07-06 17:40:33",22
"2019-07-06 18:40:30",22
"2019-07-06 19:40:31",22
"2019-07-06 20:40:30",22
"2019-07-06 21:40:31",22
"2019-07-06 22:40:31",22
"2019-07-06 23:40:31",22
"2019-07-07 00:40:32",22
"2019-07-07 01:40:30",22
"2019-07-07 02:40:32",22
"2019-07-07 03:40:31",22
"2019-07-07 04:40:32",22
"2019-07-07 05:40:34",22
"2019-07-07 06:40:30",22
"2019-07-07 07:40:31",22
"2019-07-07 08:40:32",22
"2019-07-07 09:40:31",22
"2019-07-07 10:40:30",22
"2019-07-07 11:40:30",22
"2019-07-07 12:40:30",22
"2019-07-07 13:40:30",22
"2019-07-07 14:40:30",22
"2019-07-07 15:40:30",22
"2019-07-07 16:40:31",22
"2019-07-07 17:40:30",22
"2019-07-07 18:40:30",22
"2019-07-07 19:40:30",22
"2019-07-07 20:40:30",22
"2019-07-07 21:40:30",22
"2019-07-07 22:40:31",22
"2019-07-07 23:40:30",22
"2019-07-08 00:40:30",22
"2019-07-08 01:40:33",22
"2019-07-08 02:40:30",22
"2019-07-08 03:40:30",22
"2019-07-08 04:40:31",22
"2019-07-08 05:40:30",22
"2019-07-08 06:40:31",22
"2019-07-08 07:40:33",22
"2019-07-08 08:40:32",22
"2019-07-08 09:40:35",22
"2019-07-08 10:40:34",22
"2019-07-08 11:40:38",22
"2019-07-08 12:40:30",22
"2019-07-08 13:40:30",21
"2019-07-08 14:40:30",21
"2019-07-08 15:40:30",21
"2019-07-08 16:40:31",21
"2019-07-08 17:40:29",22
"2019-07-08 18:40:31",22
"2019-07-08 19:40:30",22
"2019-07-08 20:40:30",22
"2019-07-08 21:40:31",22
"2019-07-08 22:40:31",22
"2019-07-08 23:40:30",22
"2019-07-09 00:40:30",22
"2019-07-09 01:40:30",22
"2019-07-09 02:40:35",22
"2019-07-09 03:40:31",22
"2019-07-09 04:40:31",22
"2019-07-09 05:40:35",22
"2019-07-09 06:40:31",22
"2019-07-09 07:40:33",22
"2019-07-09 08:40:30",22
"2019-07-09 09:40:30",22
"2019-07-09 10:40:30",22
"2019-07-09 11:40:30",22
"2019-07-09 13:03:33",22
"2019-07-09 13:40:30",22
"2019-07-09 14:40:30",22
"2019-07-09 15:40:31",25
"2019-07-09 16:40:30",24
"2019-07-09 17:40:30",24
"2019-07-09 18:40:31",24
"2019-07-09 19:40:30",24
"2019-07-09 20:40:31",24
"2019-07-09 21:40:30",24
"2019-07-09 22:40:30",24
"2019-07-09 23:40:31",24
"2019-07-10 00:40:30",24
"2019-07-10 01:40:32",24
"2019-07-10 02:40:30",24
"2019-07-10 03:40:30",24
"2019-07-10 04:40:30",24
"2019-07-10 05:40:32",24
"2019-07-10 06:40:32",24
"2019-07-10 07:40:29",24
"2019-07-10 08:40:29",24
"2019-07-10 09:40:29",24
"2019-07-10 10:40:30",24
"2019-07-10 11:40:31",24
"2019-07-10 12:40:33",24
"2019-07-10 13:40:30",24
"2019-07-10 14:40:30",24
"2019-07-10 15:40:32",24
"2019-07-10 16:40:32",24
"2019-07-10 17:40:30",24
"2019-07-10 18:40:30",25
"2019-07-10 19:40:30",25
"2019-07-10 20:40:30",25
"2019-07-10 21:40:30",25
"2019-07-10 22:40:32",25
"2019-07-10 23:40:29",25
"2019-07-11 00:40:30",25
"2019-07-11 01:40:30",25
"2019-07-11 02:40:33",25
"2019-07-11 03:40:32",25
"2019-07-11 04:40:33",25
"2019-07-11 05:40:31",25
"2019-07-11 06:40:32",25
"2019-07-11 07:40:31",25
"2019-07-11 08:40:32",25
"2019-07-11 09:40:29",25
"2019-07-11 10:40:30",25
"2019-07-11 11:40:30",25
"2019-07-11 12:40:30",25
"2019-07-11 13:40:29",25
"2019-07-11 14:40:30",25
"2019-07-11 15:40:30",25
"2019-07-11 16:40:30",25
"2019-07-11 17:40:30",26
"2019-07-11 18:40:31",26
"2019-07-11 19:40:30",26
"2019-07-11 20:40:30",26
"2019-07-11 21:40:35",26
"2019-07-11 22:40:29",26
"2019-07-11 23:40:31",26
"2019-07-12 00:40:29",26
"2019-07-12 01:40:30",26
"2019-07-12 02:40:30",26
"2019-07-12 03:40:30",26
"2019-07-12 04:40:29",26
"2019-07-12 05:40:32",26
"2019-07-12 06:40:32",26
"2019-07-12 07:40:30",26
"2019-07-12 08:40:30",26
"2019-07-12 09:40:32",26
"2019-07-12 10:40:31",26
"2019-07-12 11:40:29",26
"2019-07-12 13:04:03",26
"2019-07-12 13:40:31",26
"2019-07-12 14:40:30",27
"2019-07-12 15:40:40",28
"2019-07-12 16:40:31",28
"2019-07-12 17:40:33",28
"2019-07-12 18:40:30",28
"2019-07-12 19:40:29",28
"2019-07-12 20:40:29",28
"2019-07-12 21:40:30",28
"2019-07-12 22:40:37",28
"2019-07-12 23:40:30",28
"2019-07-13 00:40:30",28
"2019-07-13 01:40:31",28
"2019-07-13 02:40:31",28
"2019-07-13 03:40:29",28
"2019-07-13 04:40:30",28
"2019-07-13 05:40:30",28
"2019-07-13 06:40:31",28
"2019-07-13 07:40:30",28
"2019-07-13 08:40:29",28
"2019-07-13 09:40:31",28
"2019-07-13 10:40:30",28
"2019-07-13 11:40:32",28
"2019-07-13 12:40:31",28
"2019-07-13 13:40:30",28
"2019-07-13 14:40:30",28
"2019-07-13 15:40:31",28
"2019-07-13 16:40:39",28
"2019-07-13 17:40:32",28
"2019-07-13 18:40:32",28
"2019-07-13 19:40:32",28
"2019-07-13 20:40:33",28
"2019-07-13 21:40:31",28
"2019-07-13 22:40:31",28
"2019-07-13 23:40:31",28
"2019-07-14 00:40:30",28
"2019-07-14 01:40:37",28
"2019-07-14 02:40:30",28
"2019-07-14 03:40:31",28
"2019-07-14 04:40:30",28
"2019-07-14 05:40:31",28
"2019-07-14 06:40:31",28
"2019-07-14 07:40:30",28
"2019-07-14 08:40:31",28
"2019-07-14 09:40:29",28
"2019-07-14 10:40:30",28
"2019-07-14 11:40:31",28
"2019-07-14 12:40:30",28
"2019-07-14 13:40:31",28
"2019-07-14 14:40:30",28
"2019-07-14 15:40:31",28
"2019-07-14 16:40:32",28
"2019-07-14 17:40:30",28
"2019-07-14 18:40:30",28
"2019-07-14 19:40:30",28
"2019-07-14 20:40:35",28
"2019-07-14 21:40:29",28
"2019-07-14 22:40:29",28
"2019-07-14 23:40:30",28
"2019-07-15 00:40:30",28
"2019-07-15 01:40:29",28
"2019-07-15 02:40:30",28
"2019-07-15 03:40:30",28
"2019-07-15 04:40:30",28
"2019-07-15 05:40:32",28
"2019-07-15 06:40:34",28
"2019-07-15 07:40:31",28
"2019-07-15 08:40:29",28
"2019-07-15 09:40:30",28
"2019-07-15 10:40:29",28
"2019-07-15 11:40:30",28
"2019-07-15 13:04:33",28
"2019-07-15 13:40:31",28
"2019-07-15 14:40:30",28
"2019-07-15 15:40:30",28
"2019-07-15 16:40:37",28
"2019-07-15 17:40:31",28
"2019-07-15 18:40:29",27
"2019-07-15 19:40:30",27
"2019-07-15 20:40:31",27
"2019-07-15 21:40:31",27
"2019-07-15 22:40:33",27
"2019-07-15 23:40:30",27
"2019-07-16 00:40:30",27
"2019-07-16 01:40:29",27
"2019-07-16 02:40:35",27
"2019-07-16 03:40:30",27
"2019-07-16 04:40:29",27
"2019-07-16 05:40:33",27
"2019-07-16 06:40:32",27
"2019-07-16 07:40:29",27
"2019-07-16 08:40:30",27
"2019-07-16 09:40:30",27
"2019-07-16 10:40:31",27
"2019-07-16 11:40:30",27
"2019-07-16 13:04:33",27
"2019-07-16 13:40:31",27
"2019-07-16 14:40:30",27
"2019-07-16 15:40:35",27
"2019-07-16 16:40:31",27
"2019-07-16 17:40:32",26
"2019-07-16 18:40:30",26
"2019-07-16 19:40:30",25
"2019-07-16 20:40:36",25
"2019-07-16 21:40:31",25
"2019-07-16 22:40:30",25
"2019-07-16 23:40:31",25
"2019-07-17 00:40:30",25
"2019-07-17 01:40:30",25
"2019-07-17 02:40:32",25
"2019-07-17 03:40:30",25
"2019-07-17 04:40:30",25
"2019-07-17 05:40:42",25
"2019-07-17 06:40:33",25
"2019-07-17 07:40:34",25
"2019-07-17 08:40:31",25
"2019-07-17 09:40:30",25
"2019-07-17 10:40:30",25
"2019-07-17 11:40:30",25
"2019-07-17 13:04:04",25
"2019-07-17 13:40:31",25
"2019-07-17 14:40:31",25
"2019-07-17 15:40:34",25
"2019-07-17 16:40:32",25
"2019-07-17 17:40:30",25
"2019-07-17 18:40:30",25
"2019-07-17 19:40:29",25
"2019-07-17 20:40:30",25
"2019-07-17 21:40:29",25
"2019-07-17 22:40:30",25
"2019-07-17 23:40:30",25
"2019-07-18 00:40:29",25
"2019-07-18 01:40:30",25
"2019-07-18 02:40:30",25
"2019-07-18 03:40:31",25
"2019-07-18 04:40:30",25
"2019-07-18 05:40:31",25
"2019-07-18 06:40:32",25
"2019-07-18 07:40:30",25
"2019-07-18 08:40:33",25
"2019-07-18 09:40:30",25
"2019-07-18 10:40:30",25
"2019-07-18 11:40:30",25
"2019-07-18 13:04:36",25
"2019-07-18 13:40:31",25
"2019-07-18 14:40:31",25
"2019-07-18 15:40:31",27
"2019-07-18 16:40:34",27
"2019-07-18 17:40:31",27
"2019-07-18 18:40:32",27
"2019-07-18 19:40:32",27
"2019-07-18 20:40:32",27
"2019-07-18 21:40:32",26
"2019-07-18 22:40:32",26
"2019-07-18 23:40:33",26
"2019-07-19 00:40:31",26
"2019-07-19 01:40:31",26
"2019-07-19 02:40:32",26
"2019-07-19 03:40:32",26
"2019-07-19 04:40:32",26
"2019-07-19 05:40:44",26
"2019-07-19 06:40:32",26
"2019-07-19 07:40:33",26
"2019-07-19 08:40:32",26
"2019-07-19 09:40:31",26
"2019-07-19 10:40:31",26
"2019-07-19 11:40:31",26
"2019-07-19 13:04:04",26
"2019-07-19 13:40:31",26
"2019-07-19 14:40:30",25
"2019-07-19 15:40:32",25
"2019-07-19 16:40:31",25
"2019-07-19 17:40:32",25
"2019-07-19 18:40:32",25
"2019-07-19 19:40:31",25
"2019-07-19 20:40:32",26
"2019-07-19 21:40:31",26
"2019-07-19 22:40:32",26
"2019-07-19 23:40:31",26
"2019-07-20 00:40:31",26
"2019-07-20 01:40:37",26
"2019-07-20 02:40:37",26
"2019-07-20 03:40:31",26
"2019-07-20 04:40:39",26
"2019-07-20 05:40:34",26
"2019-07-20 06:40:32",26
"2019-07-20 07:40:31",26
"2019-07-20 08:40:30",26
"2019-07-20 09:40:30",26
"2019-07-20 10:40:30",26
"2019-07-20 11:40:31",26
"2019-07-20 12:40:31",26
"2019-07-20 13:40:31",26
"2019-07-20 14:40:30",26
"2019-07-20 15:40:30",26
"2019-07-20 16:40:32",26
"2019-07-20 17:40:31",26
"2019-07-20 18:40:31",26
"2019-07-20 19:40:32",26
"2019-07-20 20:40:30",26
"2019-07-20 21:40:31",26
"2019-07-20 22:40:30",26
"2019-07-20 23:40:31",26
"2019-07-21 00:40:32",26
"2019-07-21 01:40:31",26
"2019-07-21 02:40:31",26
"2019-07-21 03:40:31",26
"2019-07-21 04:40:31",26
"2019-07-21 05:40:36",26
"2019-07-21 06:40:36",26
"2019-07-21 07:40:30",26
"2019-07-21 08:40:32",26
"2019-07-21 09:40:32",26
"2019-07-21 10:40:36",26
"2019-07-21 11:40:31",26
"2019-07-21 12:40:31",26
"2019-07-21 13:40:32",26
"2019-07-21 14:40:31",26
"2019-07-21 15:40:31",26
"2019-07-21 16:40:31",26
"2019-07-21 17:40:31",26
"2019-07-21 18:40:31",26
"2019-07-21 19:40:31",26
"2019-07-21 20:40:31",26
"2019-07-21 21:40:32",26
"2019-07-21 22:40:30",26
"2019-07-21 23:40:31",26
"2019-07-22 00:40:31",26
"2019-07-22 01:40:31",26
"2019-07-22 02:40:31",26
"2019-07-22 03:40:31",26
"2019-07-22 04:40:31",26
"2019-07-22 05:40:34",26
"2019-07-22 06:40:36",26
"2019-07-22 07:40:30",26
"2019-07-22 08:40:31",26
"2019-07-22 09:40:31",26
"2019-07-22 10:40:30",26
"2019-07-22 11:40:31",26
"2019-07-22 12:40:33",26
"2019-07-22 13:40:31",26
"2019-07-22 14:40:32",26
"2019-07-22 15:40:31",26
"2019-07-22 16:40:33",26
"2019-07-22 17:40:32",27
"2019-07-22 18:40:35",27
"2019-07-22 19:40:32",27
"2019-07-22 20:40:32",27
"2019-07-22 21:40:33",27
"2019-07-22 22:40:31",27
"2019-07-22 23:40:32",27
"2019-07-23 00:40:31",27
"2019-07-23 01:40:30",27
"2019-07-23 02:40:33",27
"2019-07-23 03:40:32",27
"2019-07-23 04:40:32",27
"2019-07-23 05:40:33",27
"2019-07-23 06:40:35",27
"2019-07-23 07:40:31",27
"2019-07-23 08:40:30",27
"2019-07-23 09:40:32",27
"2019-07-23 10:40:32",27
"2019-07-23 11:40:32",27
"2019-07-23 13:03:35",27
"2019-07-23 13:40:31",27
"2019-07-23 14:40:31",27
"2019-07-23 15:40:37",27
"2019-07-23 16:40:31",27
"2019-07-23 17:40:32",27
"2019-07-23 18:40:33",27
"2019-07-23 19:40:33",27
"2019-07-23 20:40:32",28
"2019-07-23 21:40:33",28
"2019-07-23 22:40:34",28
"2019-07-23 23:40:33",28
"2019-07-24 00:40:32",28
"2019-07-24 01:40:33",28
"2019-07-24 02:40:37",28
"2019-07-24 03:40:33",28
"2019-07-24 04:40:33",28
"2019-07-24 05:40:33",28
"2019-07-24 06:40:32",28
"2019-07-24 07:40:32",28
"2019-07-24 08:40:32",28
"2019-07-24 09:40:34",28
"2019-07-24 10:40:33",28
"2019-07-24 11:40:32",28
"2019-07-24 13:03:05",28
"2019-07-24 13:40:33",28
"2019-07-24 14:40:32",28
"2019-07-24 15:40:33",27
"2019-07-24 16:40:33",27
"2019-07-24 17:40:31",27
"2019-07-24 18:40:33",28
"2019-07-24 19:40:32",28
"2019-07-24 20:40:32",28
"2019-07-24 21:40:32",28
"2019-07-24 22:40:32",28
"2019-07-24 23:40:32",28
"2019-07-25 00:40:32",28
"2019-07-25 01:40:36",28
"2019-07-25 02:40:37",28
"2019-07-25 03:40:32",28
"2019-07-25 04:40:32",28
"2019-07-25 05:40:37",28
"2019-07-25 06:40:33",28
"2019-07-25 07:40:32",28
"2019-07-25 08:40:33",28
"2019-07-25 09:40:32",28
"2019-07-25 10:40:40",28
"2019-07-25 11:40:32",28
"2019-07-25 13:03:36",28
"2019-07-25 13:40:34",28
"2019-07-25 14:40:33",28
"2019-07-25 15:40:32",28
"2019-07-25 16:40:35",28
"2019-07-25 17:40:33",28
"2019-07-25 18:40:39",28
"2019-07-25 19:40:35",28
"2019-07-25 20:40:34",28
"2019-07-25 21:40:34",28
"2019-07-25 22:40:33",28
"2019-07-25 23:40:32",28
"2019-07-26 00:40:39",28
"2019-07-26 01:40:33",28
"2019-07-26 02:40:34",28
"2019-07-26 03:40:33",28
"2019-07-26 04:40:37",28
"2019-07-26 05:40:36",28
"2019-07-26 06:40:42",28
"2019-07-26 07:40:37",28
"2019-07-26 08:40:32",28
"2019-07-26 09:40:32",28
"2019-07-26 10:40:33",28
"2019-07-26 11:40:36",28
"2019-07-26 13:05:35",28
"2019-07-26 13:40:33",28
"2019-07-26 14:40:33",28
"2019-07-26 15:40:33",28
"2019-07-26 16:40:34",28
"2019-07-26 17:40:34",28
"2019-07-26 18:40:33",28
"2019-07-26 19:40:32",28
"2019-07-26 20:40:32",28
"2019-07-26 21:40:32",28
"2019-07-26 22:40:32",28
"2019-07-26 23:40:32",28
"2019-07-27 00:40:31",28
"2019-07-27 01:40:33",28
"2019-07-27 02:40:34",28
"2019-07-27 03:40:32",28
"2019-07-27 04:40:32",28
"2019-07-27 05:40:32",28
"2019-07-27 06:40:33",28
"2019-07-27 07:40:32",28
"2019-07-27 08:40:32",28
"2019-07-27 09:40:32",28
"2019-07-27 10:40:33",28
"2019-07-27 11:40:32",28
"2019-07-27 12:40:32",28
"2019-07-27 13:40:31",28
"2019-07-27 14:40:32",28
"2019-07-27 15:40:33",28
"2019-07-27 16:40:37",28
"2019-07-27 17:40:35",28
"2019-07-27 18:40:33",28
"2019-07-27 19:40:33",28
"2019-07-27 20:40:33",28
"2019-07-27 21:40:34",28
"2019-07-27 22:40:32",28
"2019-07-27 23:40:32",28
"2019-07-28 00:40:32",28
"2019-07-28 01:40:31",28
"2019-07-28 02:40:31",28
"2019-07-28 03:40:31",28
"2019-07-28 04:40:32",28
"2019-07-28 05:40:31",28
"2019-07-28 06:40:31",28
"2019-07-28 07:40:31",28
"2019-07-28 08:40:31",28
"2019-07-28 09:40:32",28
"2019-07-28 10:40:31",28
"2019-07-28 11:40:31",28
"2019-07-28 12:40:32",28
"2019-07-28 13:40:32",28
"2019-07-28 14:40:32",28
"2019-07-28 15:40:31",28
"2019-07-28 16:40:33",28
"2019-07-28 17:40:32",28
"2019-07-28 18:40:32",28
"2019-07-28 19:40:31",28
"2019-07-28 20:40:31",28
"2019-07-28 21:40:31",28
"2019-07-28 22:40:32",28
"2019-07-28 23:40:32",28
"2019-07-29 00:40:32",28
"2019-07-29 01:40:32",28
"2019-07-29 02:40:32",28
"2019-07-29 03:40:31",28
"2019-07-29 04:40:32",28
"2019-07-29 05:40:35",28
"2019-07-29 06:40:37",28
"2019-07-29 07:40:33",28
"2019-07-29 08:40:32",28
"2019-07-29 09:40:32",28
"2019-07-29 10:40:32",28
"2019-07-29 11:40:31",28
"2019-07-29 13:04:35",28
"2019-07-29 13:40:33",28
"2019-07-29 14:40:32",28
"2019-07-29 15:40:32",29
"2019-07-29 16:40:33",29
"2019-07-29 17:40:33",29
"2019-07-29 18:40:34",29
"2019-07-29 19:40:33",29
"2019-07-29 20:40:33",29
"2019-07-29 21:40:32",29
"2019-07-29 22:40:33",29
"2019-07-29 23:40:33",29
"2019-07-30 00:40:33",29
"2019-07-30 01:40:33",29
"2019-07-30 02:40:33",29
"2019-07-30 03:40:33",29
"2019-07-30 04:40:32",29
"2019-07-30 05:40:32",29
"2019-07-30 06:40:33",29
"2019-07-30 07:40:38",29
"2019-07-30 08:40:33",29
"2019-07-30 09:40:33",29
"2019-07-30 10:40:33",29
"2019-07-30 11:40:35",29
"2019-07-30 12:40:33",29
"2019-07-30 13:40:33",29
"2019-07-30 14:40:34",30
"2019-07-30 15:40:34",30
"2019-07-30 16:40:34",30
"2019-07-30 17:40:35",29
"2019-07-30 18:40:36",29
"2019-07-30 19:40:35",29
"2019-07-30 20:40:34",29
"2019-07-30 21:40:34",29
"2019-07-30 22:40:35",29
"2019-07-30 23:40:34",29
"2019-07-31 00:40:34",29
"2019-07-31 01:40:34",29
"2019-07-31 02:40:33",29
"2019-07-31 03:40:34",29
"2019-07-31 04:40:34",29
"2019-07-31 05:40:37",29
"2019-07-31 06:40:35",29
"2019-07-31 07:40:33",29
"2019-07-31 08:40:34",29
"2019-07-31 09:40:34",29
"2019-07-31 10:40:34",29
"2019-07-31 11:40:32",29
"2019-07-31 13:04:38",29
"2019-07-31 13:40:34",29
"2019-07-31 14:40:34",29
"2019-07-31 15:40:33",29
"2019-07-31 16:40:36",29
"2019-07-31 17:40:34",29
"2019-07-31 18:40:34",29
"2019-07-31 19:40:34",29
"2019-07-31 20:40:34",29
"2019-07-31 21:40:35",29
"2019-07-31 22:40:33",29
"2019-07-31 23:40:34",29
"2019-08-01 00:40:33",29
"2019-08-01 01:40:40",29
"2019-08-01 02:40:35",29
"2019-08-01 03:40:34",29
"2019-08-01 04:40:33",29
"2019-08-01 05:40:35",29
"2019-08-01 06:40:35",29
"2019-08-01 07:40:36",29
"2019-08-01 08:40:33",29
"2019-08-01 09:40:34",29
"2019-08-01 10:40:33",29
"2019-08-01 11:40:32",29
"2019-08-01 13:03:06",29
"2019-08-01 13:40:34",29
"2019-08-01 14:40:34",29
"2019-08-01 15:40:37",29
"2019-08-01 16:40:39",29
"2019-08-01 17:40:36",29
"2019-08-01 18:40:33",29
"2019-08-01 19:40:33",30
"2019-08-01 20:40:33",32
"2019-08-01 21:40:34",32
"2019-08-01 22:40:32",32
"2019-08-01 23:40:34",32
"2019-08-02 00:40:33",32
"2019-08-02 01:40:33",32
"2019-08-02 02:40:33",32
"2019-08-02 03:40:33",32
"2019-08-02 04:40:33",32
"2019-08-02 05:40:36",32
"2019-08-02 06:40:33",32
"2019-08-02 07:40:32",32
"2019-08-02 08:40:33",32
"2019-08-02 09:40:34",32
"2019-08-02 10:40:37",32
"2019-08-02 11:40:33",32
"2019-08-02 13:04:37",32
"2019-08-02 13:40:34",32
"2019-08-02 14:40:34",38
"2019-08-02 15:40:33",41
"2019-08-02 16:40:33",43
"2019-08-02 17:40:32",47
"2019-08-02 18:40:34",46
"2019-08-02 19:40:34",46
"2019-08-02 20:40:34",48
"2019-08-02 21:40:33",48
"2019-08-02 22:40:33",48
"2019-08-02 23:40:33",48
"2019-08-03 00:40:33",48
"2019-08-03 01:40:33",48
"2019-08-03 02:40:34",48
"2019-08-03 03:40:34",48
"2019-08-03 04:40:33",48
"2019-08-03 05:40:36",48
"2019-08-03 06:40:33",48
"2019-08-03 07:40:32",48
"2019-08-03 08:40:34",48
"2019-08-03 09:40:33",48
"2019-08-03 10:40:33",48
"2019-08-03 11:40:33",48
"2019-08-03 12:40:34",48
"2019-08-03 13:40:33",48
"2019-08-03 14:40:33",48
"2019-08-03 15:40:32",48
"2019-08-03 16:40:33",48
"2019-08-03 17:40:34",48
"2019-08-03 18:40:34",48
"2019-08-03 19:40:33",48
"2019-08-03 20:40:32",48
"2019-08-03 21:40:32",48
"2019-08-03 22:40:33",48
"2019-08-03 23:40:33",48
"2019-08-04 00:40:33",48
"2019-08-04 01:40:33",48
"2019-08-04 02:40:38",48
"2019-08-04 03:40:33",48
"2019-08-04 04:40:33",48
"2019-08-04 05:40:35",48
"2019-08-04 06:40:33",48
"2019-08-04 07:40:33",48
"2019-08-04 08:40:33",48
"2019-08-04 09:40:34",48
"2019-08-04 10:40:33",48
"2019-08-04 11:40:31",48
"2019-08-04 12:40:33",48
"2019-08-04 13:40:34",48
"2019-08-04 14:40:33",48
"2019-08-04 15:40:34",48
"2019-08-04 16:40:33",48
"2019-08-04 17:40:33",48
"2019-08-04 18:40:34",48
"2019-08-04 19:40:33",48
"2019-08-04 20:40:33",48
"2019-08-04 21:40:34",48
"2019-08-04 22:40:34",48
"2019-08-04 23:40:33",48
"2019-08-05 00:40:33",48
"2019-08-05 01:40:33",48
"2019-08-05 02:40:35",48
"2019-08-05 03:40:33",48
"2019-08-05 04:40:34",48
"2019-08-05 05:40:34",48
"2019-08-05 06:40:33",48
"2019-08-05 07:40:36",48
"2019-08-05 08:40:34",48
"2019-08-05 09:40:34",48
"2019-08-05 10:40:33",48
"2019-08-05 11:40:34",48
"2019-08-05 13:05:07",48
"2019-08-05 13:40:34",48
"2019-08-05 14:40:34",54
"2019-08-05 15:40:33",53
"2019-08-05 16:40:34",51
"2019-08-05 17:40:34",50
"2019-08-05 18:40:34",50
"2019-08-05 19:40:34",50
"2019-08-05 20:40:33",49
"2019-08-05 21:40:33",49
"2019-08-05 22:40:34",49
"2019-08-05 23:40:34",49
"2019-08-06 00:40:42",49
"2019-08-06 01:40:35",49
"2019-08-06 02:40:34",49
"2019-08-06 03:40:33",49
"2019-08-06 04:40:34",49
"2019-08-06 05:40:35",49
"2019-08-06 06:40:33",49
"2019-08-06 07:40:33",49
"2019-08-06 08:40:33",49
"2019-08-06 09:40:37",49
"2019-08-06 10:40:32",49
"2019-08-06 11:40:32",49
"2019-08-06 12:40:33",49
"2019-08-06 13:40:34",49
"2019-08-06 14:40:33",47
"2019-08-06 15:40:34",47
"2019-08-06 16:40:35",47
"2019-08-06 17:40:33",47
"2019-08-06 18:40:33",47
"2019-08-06 19:40:33",47
"2019-08-06 20:40:34",48
"2019-08-06 21:40:33",48
"2019-08-06 22:40:32",48
"2019-08-06 23:40:34",48
"2019-08-07 00:40:34",48
"2019-08-07 01:40:34",48
"2019-08-07 02:40:35",48
"2019-08-07 03:40:33",48
"2019-08-07 04:40:33",48
"2019-08-07 05:40:34",48
"2019-08-07 06:40:36",48
"2019-08-07 07:40:32",48
"2019-08-07 08:40:34",48
"2019-08-07 09:40:33",48
"2019-08-07 10:40:40",48
"2019-08-07 11:40:33",48
"2019-08-07 12:40:35",48
"2019-08-07 13:40:36",48
"2019-08-07 14:40:35",48
"2019-08-07 15:40:35",48
"2019-08-07 16:40:35",47
"2019-08-07 17:40:35",47
"2019-08-07 18:40:34",47
"2019-08-07 19:40:34",47
"2019-08-07 20:40:34",47
"2019-08-07 21:40:34",47
"2019-08-07 22:40:34",47
"2019-08-07 23:40:34",47
"2019-08-08 00:40:35",47
"2019-08-08 01:40:34",47
"2019-08-08 02:40:39",47
"2019-08-08 03:40:34",47
"2019-08-08 04:40:34",47
"2019-08-08 05:40:33",47
"2019-08-08 06:40:36",47
"2019-08-08 07:40:34",47
"2019-08-08 08:40:34",47
"2019-08-08 09:40:34",47
"2019-08-08 10:40:36",47
"2019-08-08 11:40:34",47
"2019-08-08 12:40:36",47
"2019-08-08 13:40:35",47
"2019-08-08 14:40:35",45
"2019-08-08 15:40:34",45
"2019-08-08 16:40:35",45
"2019-08-08 17:40:35",45
"2019-08-08 18:40:35",45
"2019-08-08 19:40:35",45
"2019-08-08 20:40:35",44
"2019-08-08 21:40:35",44
"2019-08-08 22:40:35",44
"2019-08-08 23:40:35",44
"2019-08-09 00:40:35",44
"2019-08-09 01:40:36",44
"2019-08-09 02:40:35",44
"2019-08-09 03:40:34",44
"2019-08-09 04:40:36",44
"2019-08-09 05:40:37",44
"2019-08-09 06:40:36",44
"2019-08-09 07:40:35",44
"2019-08-09 08:40:37",44
"2019-08-09 09:40:35",44
"2019-08-09 10:40:36",44
"2019-08-09 11:40:35",44
"2019-08-09 13:04:39",44
"2019-08-09 13:40:36",44
"2019-08-09 14:40:38",42
"2019-08-09 15:40:35",41
"2019-08-09 16:40:38",41
"2019-08-09 17:40:35",41
"2019-08-09 18:40:35",41
"2019-08-09 19:40:35",41
"2019-08-09 20:40:34",41
"2019-08-09 21:40:36",41
"2019-08-09 22:40:35",41
"2019-08-09 23:40:37",41
"2019-08-10 00:40:37",41
"2019-08-10 01:40:35",41
"2019-08-10 02:40:42",41
"2019-08-10 03:40:35",41
"2019-08-10 04:40:35",41
"2019-08-10 05:40:36",41
"2019-08-10 06:40:35",41
"2019-08-10 07:40:35",41
"2019-08-10 08:40:34",41
"2019-08-10 09:40:36",41
"2019-08-10 10:40:36",41
"2019-08-10 11:40:35",41
"2019-08-10 12:40:36",41
"2019-08-10 13:40:36",41
"2019-08-10 14:40:34",41
"2019-08-10 15:40:34",41
"2019-08-10 16:40:41",41
"2019-08-10 17:40:35",41
"2019-08-10 18:40:35",41
"2019-08-10 19:40:35",41
"2019-08-10 20:40:36",41
"2019-08-10 21:40:33",41
"2019-08-10 22:40:34",41
"2019-08-10 23:40:35",41
"2019-08-11 00:40:33",41
"2019-08-11 01:40:34",41
"2019-08-11 02:40:43",41
"2019-08-11 03:40:35",41
"2019-08-11 04:40:35",41
"2019-08-11 05:40:36",41
"2019-08-11 06:40:34",41
"2019-08-11 07:40:35",41
"2019-08-11 08:40:34",41
"2019-08-11 09:40:34",41
"2019-08-11 10:40:35",41
"2019-08-11 11:40:35",41
"2019-08-11 12:40:35",41
"2019-08-11 13:40:35",41
"2019-08-11 14:40:35",41
"2019-08-11 15:40:34",41
"2019-08-11 16:40:35",41
"2019-08-11 17:40:35",41
"2019-08-11 18:40:35",41
"2019-08-11 19:40:35",41
"2019-08-11 20:40:36",41
"2019-08-11 21:40:36",41
"2019-08-11 22:40:36",41
"2019-08-11 23:40:36",41
"2019-08-12 00:40:36",41
"2019-08-12 01:40:37",41
"2019-08-12 02:40:36",41
"2019-08-12 03:40:36",41
"2019-08-12 04:40:36",41
"2019-08-12 05:40:38",41
"2019-08-12 06:40:41",41
"2019-08-12 07:40:35",41
"2019-08-12 08:40:36",41
"2019-08-12 09:40:36",41
"2019-08-12 10:40:40",41
"2019-08-12 11:40:35",41
"2019-08-12 12:40:38",41
"2019-08-12 13:40:40",41
"2019-08-12 14:40:35",42
"2019-08-12 15:40:35",42
"2019-08-12 16:40:44",42
"2019-08-12 17:40:37",42
"2019-08-12 18:40:35",42
"2019-08-12 19:40:35",42
"2019-08-12 20:40:36",42
"2019-08-12 21:40:35",42
"2019-08-12 22:40:36",42
"2019-08-12 23:40:36",42
"2019-08-13 00:40:34",42
"2019-08-13 01:40:37",42
"2019-08-13 02:40:37",42
"2019-08-13 03:40:36",42
"2019-08-13 04:40:34",42
"2019-08-13 05:40:37",42
"2019-08-13 06:40:35",42
"2019-08-13 07:40:36",42
"2019-08-13 08:40:34",42
"2019-08-13 09:40:37",42
"2019-08-13 10:40:36",42
"2019-08-13 11:40:36",42
"2019-08-13 12:40:36",42
"2019-08-13 13:40:36",42
"2019-08-13 14:40:36",42
"2019-08-13 15:40:40",42
"2019-08-13 16:40:37",42
"2019-08-13 17:40:35",42
"2019-08-13 18:40:37",42
"2019-08-13 19:40:36",42
"2019-08-13 20:40:36",42
"2019-08-13 21:40:35",42
"2019-08-13 22:40:39",42
"2019-08-13 23:40:36",42
"2019-08-14 00:40:36",42
"2019-08-14 01:40:37",42
"2019-08-14 02:40:36",42
"2019-08-14 03:40:36",42
"2019-08-14 04:40:35",42
"2019-08-14 05:40:41",42
"2019-08-14 06:40:36",42
"2019-08-14 07:40:35",42
"2019-08-14 08:40:35",42
"2019-08-14 09:40:36",42
"2019-08-14 10:40:34",42
"2019-08-14 11:40:35",42
"2019-08-14 13:03:40",42
"2019-08-14 13:40:36",42
"2019-08-14 14:40:37",42
"2019-08-14 15:40:37",42
"2019-08-14 16:40:36",43
"2019-08-14 17:40:35",43
"2019-08-14 18:40:36",43
"2019-08-14 19:40:37",43
"2019-08-14 20:40:35",43
"2019-08-14 21:40:37",43
"2019-08-14 22:40:36",43
"2019-08-14 23:40:35",43
"2019-08-15 00:40:35",43
"2019-08-15 01:40:35",43
"2019-08-15 02:40:36",43
"2019-08-15 03:40:37",43
"2019-08-15 04:40:36",43
"2019-08-15 05:40:38",43
"2019-08-15 06:40:34",43
"2019-08-15 07:40:35",43
"2019-08-15 08:40:50",43
"2019-08-15 09:40:36",43
"2019-08-15 10:40:35",43
"2019-08-15 11:40:34",43
"2019-08-15 13:03:39",43
"2019-08-15 13:40:40",43
"2019-08-15 14:40:36",44
"2019-08-15 15:40:34",44
"2019-08-15 16:40:37",44
"2019-08-15 17:40:34",44
"2019-08-15 18:40:36",44
"2019-08-15 19:40:34",44
"2019-08-15 20:40:36",44
"2019-08-15 21:40:34",44
"2019-08-15 22:40:34",44
"2019-08-15 23:40:37",44
"2019-08-16 00:40:35",44
"2019-08-16 01:40:38",44
"2019-08-16 02:40:37",44
"2019-08-16 03:40:36",44
"2019-08-16 04:40:34",44
"2019-08-16 05:40:46",44
"2019-08-16 06:40:34",44
"2019-08-16 07:40:35",44
"2019-08-16 08:40:35",44
"2019-08-16 09:40:34",44
"2019-08-16 10:40:34",44
"2019-08-16 11:40:34",44
"2019-08-16 12:40:34",44
"2019-08-16 13:40:35",44
"2019-08-16 14:40:35",44
"2019-08-16 15:40:36",44
"2019-08-16 16:40:36",45
"2019-08-16 18:40:36",45
"2019-08-16 19:40:36",45
"2019-08-16 20:40:37",45
"2019-08-16 21:40:36",45
"2019-08-16 22:40:38",45
"2019-08-16 23:40:35",45
"2019-08-17 00:40:36",45
"2019-08-17 01:40:37",45
"2019-08-17 02:40:42",45
"2019-08-17 03:40:35",45
"2019-08-17 04:40:37",45
"2019-08-17 05:40:35",45
"2019-08-17 06:40:36",45
"2019-08-17 07:40:35",45
"2019-08-17 08:40:37",45
"2019-08-17 09:40:35",45
"2019-08-17 10:40:35",45
"2019-08-17 11:40:34",45
"2019-08-17 12:40:34",45
"2019-08-17 13:40:36",45
"2019-08-17 14:40:38",45
"2019-08-17 15:40:37",45
"2019-08-17 16:40:36",45
"2019-08-17 17:40:35",45
"2019-08-17 18:40:34",45
"2019-08-17 19:40:35",45
"2019-08-17 20:40:37",45
"2019-08-17 21:40:35",45
"2019-08-17 22:40:35",45
"2019-08-17 23:40:35",45
"2019-08-18 00:40:35",45
"2019-08-18 01:40:35",45
"2019-08-18 02:40:37",45
"2019-08-18 03:40:35",45
"2019-08-18 04:40:35",45
"2019-08-18 05:40:36",45
"2019-08-18 06:40:49",45
"2019-08-18 07:40:36",45
"2019-08-18 08:40:37",45
"2019-08-18 09:40:36",45
"2019-08-18 10:40:35",45
"2019-08-18 11:40:35",45
"2019-08-18 12:40:37",45
"2019-08-18 13:40:37",45
"2019-08-18 14:40:36",45
"2019-08-18 15:40:36",45
"2019-08-18 16:40:36",45
"2019-08-18 17:40:36",45
"2019-08-18 18:40:36",45
"2019-08-18 19:40:36",45
"2019-08-18 20:40:35",45
"2019-08-18 21:40:37",45
"2019-08-18 22:40:36",45
"2019-08-18 23:40:36",45
"2019-08-19 00:40:37",45
"2019-08-19 01:40:35",45
"2019-08-19 02:40:36",45
"2019-08-19 03:40:35",45
"2019-08-19 04:40:35",45
"2019-08-19 05:40:36",45
"2019-08-19 06:40:37",45
"2019-08-19 07:40:45",45
"2019-08-19 08:40:36",45
"2019-08-19 09:40:41",45
"2019-08-19 10:40:37",45
"2019-08-19 11:40:35",45
"2019-08-19 12:40:39",45
"2019-08-19 13:40:36",45
"2019-08-19 14:40:34",44
"2019-08-19 15:40:36",44
"2019-08-19 16:40:35",44
"2019-08-19 17:40:35",44
"2019-08-19 18:40:36",44
"2019-08-19 19:40:35",44
"2019-08-19 20:40:34",44
"2019-08-19 21:40:35",44
"2019-08-19 22:40:35",44
"2019-08-19 23:40:35",44
"2019-08-20 00:40:37",44
"2019-08-20 01:40:36",44
"2019-08-20 02:40:36",44
"2019-08-20 03:40:35",44
"2019-08-20 04:40:36",44
"2019-08-20 05:40:40",44
"2019-08-20 06:40:39",44
"2019-08-20 07:40:34",44
"2019-08-20 08:40:34",44
"2019-08-20 09:40:34",44
"2019-08-20 10:40:52",44
"2019-08-20 11:40:34",44
"2019-08-20 13:02:39",44
"2019-08-20 13:40:42",44
"2019-08-20 14:40:36",44
"2019-08-20 15:40:35",44
"2019-08-20 16:40:37",44
"2019-08-20 17:40:36",44
"2019-08-20 18:40:37",44
"2019-08-20 19:40:36",44
"2019-08-20 20:40:36",44
"2019-08-20 21:40:38",44
"2019-08-20 22:40:37",44
"2019-08-20 23:40:36",44
"2019-08-21 00:40:36",44
"2019-08-21 01:40:37",44
"2019-08-21 02:40:39",44
"2019-08-21 03:40:38",44
"2019-08-21 04:40:36",44
"2019-08-21 05:40:37",44
"2019-08-21 06:40:39",44
"2019-08-21 07:40:36",44
"2019-08-21 08:40:36",44
"2019-08-21 09:40:36",44
"2019-08-21 10:40:35",44
"2019-08-21 11:40:36",44
"2019-08-21 12:40:36",44
"2019-08-21 13:40:37",44
"2019-08-21 14:40:36",44
"2019-08-21 15:40:38",45
"2019-08-21 16:40:45",45
"2019-08-21 17:40:36",45
"2019-08-21 18:40:36",45
"2019-08-21 19:40:36",46
"2019-08-21 20:40:36",46
"2019-08-21 21:40:36",46
"2019-08-21 22:40:39",46
"2019-08-21 23:40:37",46
"2019-08-22 00:40:37",46
"2019-08-22 01:40:36",46
"2019-08-22 02:40:37",46
"2019-08-22 03:40:36",46
"2019-08-22 04:40:36",46
"2019-08-22 05:40:38",46
"2019-08-22 06:40:36",46
"2019-08-22 07:40:36",46
"2019-08-22 08:40:37",46
"2019-08-22 09:40:37",46
"2019-08-22 10:40:36",46
"2019-08-22 11:40:37",46
"2019-08-22 12:40:38",46
"2019-08-22 13:40:37",46
"2019-08-22 14:40:41",45
"2019-08-22 15:40:39",44
"2019-08-22 16:40:40",44
"2019-08-22 17:40:40",44
"2019-08-22 18:40:40",44
"2019-08-22 19:40:39",44
"2019-08-22 20:40:39",45
"2019-08-22 21:40:40",45
"2019-08-22 22:40:38",45
"2019-08-22 23:40:39",45
"2019-08-23 00:40:41",45
"2019-08-23 01:40:43",45
"2019-08-23 02:40:40",45
"2019-08-23 03:40:38",45
"2019-08-23 04:40:37",45
"2019-08-23 05:40:38",45
"2019-08-23 06:40:38",45
"2019-08-23 07:40:38",45
"2019-08-23 08:40:40",45
"2019-08-23 09:40:37",45
"2019-08-23 10:40:40",45
"2019-08-23 11:40:37",45
"2019-08-23 12:40:39",45
"2019-08-23 13:40:37",45
"2019-08-23 14:40:38",45
"2019-08-23 15:40:39",45
"2019-08-23 16:40:39",44
"2019-08-23 17:40:37",44
"2019-08-23 18:40:40",44
"2019-08-23 19:40:40",44
"2019-08-23 20:40:37",43
"2019-08-23 21:40:38",43
"2019-08-23 22:40:41",43
"2019-08-23 23:40:38",43
"2019-08-24 00:40:37",43
"2019-08-24 01:40:37",43
"2019-08-24 02:40:53",43
"2019-08-24 03:40:37",43
"2019-08-24 04:40:36",43
"2019-08-24 05:40:40",43
"2019-08-24 06:40:39",43
"2019-08-24 07:40:40",43
"2019-08-24 08:40:38",43
"2019-08-24 09:40:38",43
"2019-08-24 10:40:37",43
"2019-08-24 11:40:37",43
"2019-08-24 12:40:39",43
"2019-08-24 13:40:38",43
"2019-08-24 14:40:38",43
"2019-08-24 15:40:38",43
"2019-08-24 16:40:41",43
"2019-08-24 17:40:37",43
"2019-08-24 18:40:40",43
"2019-08-24 19:40:37",43
"2019-08-24 20:40:38",43
"2019-08-24 21:40:37",43
"2019-08-24 22:40:38",43
"2019-08-24 23:40:37",43
"2019-08-25 00:40:36",43
"2019-08-25 01:40:41",43
"2019-08-25 02:40:46",43
"2019-08-25 03:40:37",43
"2019-08-25 04:40:38",43
"2019-08-25 05:40:37",43
"2019-08-25 06:40:37",43
"2019-08-25 07:40:38",43
"2019-08-25 08:40:39",43
"2019-08-25 09:40:36",43
"2019-08-25 10:40:37",43
"2019-08-25 11:40:38",43
"2019-08-25 12:40:38",43
"2019-08-25 13:40:37",43
"2019-08-25 14:40:37",43
"2019-08-25 15:40:39",43
"2019-08-25 16:40:42",43
"2019-08-25 17:40:36",43
"2019-08-25 18:40:36",43
"2019-08-25 19:40:40",43
"2019-08-25 20:40:38",43
"2019-08-25 21:40:38",43
"2019-08-25 22:40:36",43
"2019-08-25 23:40:38",43
"2019-08-26 00:40:37",43
"2019-08-26 01:40:35",43
"2019-08-26 02:40:41",43
"2019-08-26 03:40:37",43
"2019-08-26 04:40:36",43
"2019-08-26 05:40:36",43
"2019-08-26 06:40:36",43
"2019-08-26 07:40:37",43
"2019-08-26 08:40:35",43
"2019-08-26 09:40:36",43
"2019-08-26 10:40:38",43
"2019-08-26 11:40:35",43
"2019-08-26 12:40:38",43
"2019-08-26 13:40:36",43
"2019-08-26 14:40:36",43
"2019-08-26 15:40:37",42
"2019-08-26 16:40:39",42
"2019-08-26 17:40:37",42
"2019-08-26 18:40:36",42
"2019-08-26 19:40:38",42
"2019-08-26 20:40:36",42
"2019-08-26 21:40:37",42
"2019-08-26 22:40:36",42
"2019-08-26 23:40:35",42
"2019-08-27 00:40:36",42
"2019-08-27 01:40:36",42
"2019-08-27 02:40:40",42
"2019-08-27 03:40:36",42
"2019-08-27 04:40:36",42
"2019-08-27 05:40:37",42
"2019-08-27 06:40:38",42
"2019-08-27 07:40:36",42
"2019-08-27 08:40:39",42
"2019-08-27 09:40:36",42
"2019-08-27 10:40:35",42
"2019-08-27 11:40:40",42
"2019-08-27 12:40:38",42
"2019-08-27 13:40:49",42
"2019-08-27 14:40:37",42
"2019-08-27 15:40:39",43
"2019-08-27 16:40:39",43
"2019-08-27 17:40:37",43
"2019-08-27 18:40:37",43
"2019-08-27 19:40:39",43
"2019-08-27 20:40:37",43
"2019-08-27 21:40:39",43
"2019-08-27 22:40:38",43
"2019-08-27 23:40:38",43
"2019-08-28 00:40:43",43
"2019-08-28 01:40:38",43
"2019-08-28 02:40:42",43
"2019-08-28 03:40:46",43
"2019-08-28 04:40:38",43
"2019-08-28 05:40:39",43
"2019-08-28 06:40:38",43
"2019-08-28 07:40:41",43
"2019-08-28 08:40:36",43
"2019-08-28 09:40:40",43
"2019-08-28 10:40:39",43
"2019-08-28 11:40:38",43
"2019-08-28 12:40:38",43
"2019-08-28 13:40:37",43
"2019-08-28 14:40:36",41
"2019-08-28 15:40:36",41
"2019-08-28 16:40:48",41
"2019-08-28 17:40:37",41
"2019-08-28 18:40:37",41
"2019-08-28 19:40:38",41
"2019-08-28 20:40:37",41
"2019-08-28 21:40:37",41
"2019-08-28 22:40:38",41
"2019-08-28 23:40:38",41
"2019-08-29 00:40:36",41
"2019-08-29 01:40:38",41
"2019-08-29 02:40:40",41
"2019-08-29 03:40:36",41
"2019-08-29 04:40:37",41
"2019-08-29 05:40:43",41
"2019-08-29 06:40:36",41
"2019-08-29 07:40:37",41
"2019-08-29 08:40:37",41
"2019-08-29 09:40:40",41
"2019-08-29 10:40:35",41
"2019-08-29 11:40:35",41
"2019-08-29 12:40:38",41
"2019-08-29 13:40:38",41
"2019-08-29 14:40:36",41
"2019-08-29 15:40:36",41
"2019-08-29 16:40:40",41
"2019-08-29 17:40:36",41
"2019-08-29 18:40:36",41
"2019-08-29 19:40:34",42
"2019-08-29 20:40:37",42
"2019-08-29 21:40:36",42
"2019-08-29 22:40:35",42
"2019-08-29 23:40:36",42
"2019-08-30 00:40:37",42
"2019-08-30 01:40:38",42
"2019-08-30 02:40:38",42
"2019-08-30 03:40:37",42
"2019-08-30 04:40:38",42
"2019-08-30 05:40:40",42
"2019-08-30 06:40:36",42
"2019-08-30 07:40:36",42
"2019-08-30 08:40:35",42
"2019-08-30 09:40:35",42
"2019-08-30 10:40:35",42
"2019-08-30 11:40:35",42
"2019-08-30 12:40:36",42
"2019-08-30 13:40:36",43
"2019-08-30 14:40:36",44
"2019-08-30 15:40:36",44
"2019-08-30 16:40:38",43
"2019-08-30 17:40:36",43
"2019-08-30 18:40:35",44
"2019-08-30 19:40:35",44
"2019-08-30 20:40:36",44
"2019-08-30 21:40:36",44
"2019-08-30 22:40:38",44
"2019-08-30 23:40:36",44
"2019-08-31 00:40:36",44
"2019-08-31 01:40:37",44
"2019-08-31 02:40:36",44
"2019-08-31 03:40:37",44
"2019-08-31 04:40:36",44
"2019-08-31 23:40:42",44
"2019-09-01 00:40:38",44
"2019-09-01 01:40:36",44
"2019-09-01 02:40:38",44
"2019-09-01 03:40:37",44
"2019-09-01 04:40:37",44
"2019-09-01 05:40:37",44
"2019-09-01 06:40:36",44
"2019-09-01 07:40:36",44
"2019-09-01 08:40:37",44
"2019-09-01 09:40:36",44
"2019-09-01 10:40:37",44
"2019-09-01 11:40:36",44
"2019-09-01 12:40:37",44
"2019-09-01 13:40:36",44
"2019-09-01 14:40:37",44
"2019-09-01 15:40:36",44
"2019-09-01 16:40:37",44
"2019-09-01 17:40:39",44
"2019-09-01 18:40:36",44
"2019-09-01 19:40:36",44
"2019-09-01 20:40:36",44
"2019-09-01 21:40:36",44
"2019-09-01 22:40:37",44
"2019-09-01 23:40:37",44
"2019-09-02 00:40:35",44
"2019-09-02 01:40:35",44
"2019-09-02 02:40:36",44
"2019-09-02 03:40:36",44
"2019-09-02 04:40:37",44
"2019-09-02 05:40:41",44
"2019-09-02 06:40:37",44
"2019-09-02 07:40:38",44
"2019-09-02 08:40:35",44
"2019-09-02 09:40:35",44
"2019-09-02 10:40:42",44
"2019-09-02 11:40:37",44
"2019-09-02 12:40:36",44
"2019-09-02 13:40:37",44
"2019-09-02 14:40:36",44
"2019-09-02 15:40:36",44
"2019-09-02 16:40:41",44
"2019-09-02 17:40:35",44
"2019-09-02 18:40:36",44
"2019-09-02 19:40:36",44
"2019-09-02 20:40:36",44
"2019-09-02 21:40:36",44
"2019-09-02 22:40:38",44
"2019-09-02 23:40:36",44
"2019-09-03 00:40:36",44
"2019-09-03 01:40:37",44
"2019-09-03 02:40:38",44
"2019-09-03 03:40:36",44
"2019-09-03 04:40:36",44
"2019-09-03 05:40:38",44
"2019-09-03 06:40:37",44
"2019-09-03 07:40:36",44
"2019-09-03 08:40:41",44
"2019-09-03 09:40:35",44
"2019-09-03 10:40:37",44
"2019-09-03 11:40:36",44
"2019-09-03 13:04:40",44
"2019-09-03 13:40:40",44
"2019-09-03 14:40:38",45
"2019-09-03 15:40:36",45
"2019-09-03 16:40:39",45
"2019-09-03 17:40:37",45
"2019-09-03 18:40:36",44
"2019-09-03 19:40:35",43
"2019-09-03 20:40:36",43
"2019-09-03 21:40:36",43
"2019-09-03 22:40:40",43
"2019-09-03 23:40:36",43
"2019-09-04 00:40:39",43
"2019-09-04 01:40:37",43
"2019-09-04 02:40:37",43
"2019-09-04 03:40:35",43
"2019-09-04 04:40:35",43
"2019-09-04 05:40:41",43
"2019-09-04 06:40:37",43
"2019-09-04 07:40:36",43
"2019-09-04 08:40:36",43
"2019-09-04 09:40:37",43
"2019-09-04 10:40:37",43
"2019-09-04 11:40:36",43
"2019-09-04 13:03:41",43
"2019-09-04 13:40:36",43
"2019-09-04 14:40:37",42
"2019-09-04 15:40:37",42
"2019-09-04 16:40:41",42
"2019-09-04 17:40:36",42
"2019-09-04 18:40:40",42
"2019-09-04 19:40:38",42
"2019-09-04 20:40:37",42
"2019-09-04 21:40:36",42
"2019-09-04 22:40:37",42
"2019-09-04 23:40:37",42
"2019-09-05 01:40:37",42
"2019-09-05 02:40:41",42
"2019-09-05 03:40:36",42
"2019-09-05 04:40:38",42
"2019-09-05 05:40:42",42
"2019-09-05 06:40:36",42
"2019-09-05 07:40:41",42
"2019-09-05 08:40:38",42
"2019-09-05 09:40:36",42
"2019-09-05 10:40:39",42
"2019-09-05 11:40:37",42
"2019-09-05 13:04:41",42
"2019-09-05 13:40:38",42
"2019-09-05 14:40:40",42
"2019-09-05 15:40:37",43
"2019-09-05 16:40:48",43
"2019-09-05 17:40:38",43
"2019-09-05 18:40:37",43
"2019-09-05 19:40:36",42
"2019-09-05 20:40:39",43
"2019-09-05 21:40:38",43
"2019-09-05 22:40:39",43
"2019-09-05 23:40:40",43
"2019-09-06 00:40:38",43
"2019-09-06 01:40:37",43
"2019-09-06 02:40:37",43
"2019-09-06 03:40:36",43
"2019-09-06 04:40:36",43
"2019-09-06 05:40:45",43
"2019-09-06 06:40:37",43
"2019-09-06 07:40:38",43
"2019-09-06 08:40:37",43
"2019-09-06 09:40:38",43
"2019-09-06 10:40:38",43
"2019-09-06 11:40:49",43
"2019-09-06 13:03:42",43
"2019-09-06 13:40:37",43
"2019-09-06 14:40:36",43
"2019-09-06 15:40:37",43
"2019-09-06 16:40:43",43
"2019-09-06 17:40:36",42
"2019-09-06 18:40:40",42
"2019-09-06 19:40:37",42
"2019-09-06 20:40:38",42
"2019-09-06 21:40:38",42
"2019-09-06 22:40:38",42
"2019-09-06 23:40:37",42
"2019-09-07 00:40:37",42
"2019-09-07 01:40:39",42
"2019-09-07 02:40:37",42
"2019-09-07 03:40:38",42
"2019-09-07 04:40:37",42
"2019-09-07 05:40:52",42
"2019-09-07 06:40:37",42
"2019-09-07 07:40:36",42
"2019-09-07 08:40:36",42
"2019-09-07 09:40:37",42
"2019-09-07 10:40:40",42
"2019-09-07 11:40:37",42
"2019-09-07 12:40:36",42
"2019-09-07 13:40:38",42
"2019-09-07 14:40:37",42
"2019-09-07 15:40:38",42
"2019-09-07 16:40:37",42
"2019-09-07 17:40:37",42
"2019-09-07 18:40:37",42
"2019-09-07 19:40:36",42
"2019-09-07 20:40:37",42
"2019-09-07 21:40:37",42
"2019-09-07 22:40:36",42
"2019-09-07 23:40:38",42
"2019-09-08 00:40:37",42
"2019-09-08 01:40:38",42
"2019-09-08 02:40:40",42
"2019-09-08 03:40:37",42
"2019-09-08 04:40:38",42
"2019-09-08 05:40:39",42
"2019-09-08 06:40:38",42
"2019-09-08 07:40:37",42
"2019-09-08 08:40:38",42
"2019-09-08 09:40:37",42
"2019-09-08 10:40:41",42
"2019-09-08 11:40:37",42
"2019-09-08 12:40:37",42
"2019-09-08 13:40:39",42
"2019-09-08 14:40:37",42
"2019-09-08 15:40:37",42
"2019-09-08 16:40:41",42
"2019-09-08 17:40:38",42
"2019-09-08 18:40:37",42
"2019-09-08 19:40:43",42
"2019-09-08 20:40:39",42
"2019-09-08 21:40:38",42
"2019-09-08 22:40:37",42
"2019-09-08 23:40:37",42
"2019-09-09 00:40:37",42
"2019-09-09 01:40:37",42
"2019-09-09 02:40:38",42
"2019-09-09 03:40:38",42
"2019-09-09 04:40:37",42
"2019-09-09 05:40:42",42
"2019-09-09 06:40:37",42
"2019-09-09 07:40:37",42
"2019-09-09 08:40:36",42
"2019-09-09 09:40:37",42
"2019-09-09 10:40:37",42
"2019-09-09 11:40:38",42
"2019-09-09 13:03:42",42
"2019-09-09 13:40:39",42
"2019-09-09 14:40:43",42
"2019-09-09 15:40:38",42
"2019-09-09 16:40:43",42
"2019-09-09 17:40:37",42
"2019-09-09 18:40:37",42
"2019-09-09 19:40:37",42
"2019-09-09 20:40:37",41
"2019-09-09 21:40:38",41
"2019-09-09 22:40:36",41
"2019-09-09 23:40:37",41
"2019-09-10 00:40:38",41
"2019-09-10 01:40:38",41
"2019-09-10 02:40:38",41
"2019-09-10 03:40:38",41
"2019-09-10 04:40:38",41
"2019-09-10 05:40:38",41
"2019-09-10 06:40:37",41
"2019-09-10 07:40:36",41
"2019-09-10 08:40:39",41
"2019-09-10 09:40:45",41
"2019-09-10 10:40:38",41
"2019-09-10 11:40:37",41
"2019-09-10 12:40:38",41
"2019-09-10 13:40:37",41
"2019-09-10 14:40:38",41
"2019-09-10 15:40:37",42
"2019-09-10 16:40:38",42
"2019-09-10 17:40:38",42
"2019-09-10 18:40:38",42
"2019-09-10 19:40:44",42
"2019-09-10 20:40:37",41
"2019-09-10 21:40:38",41
"2019-09-10 22:40:37",41
"2019-09-10 23:40:38",41
"2019-09-11 00:40:37",41
"2019-09-11 01:40:38",41
"2019-09-11 02:40:37",41
"2019-09-11 03:40:36",41
"2019-09-11 04:40:38",41
"2019-09-11 05:40:40",41
"2019-09-11 06:40:39",41
"2019-09-11 07:40:37",41
"2019-09-11 08:40:37",41
"2019-09-11 09:40:38",41
"2019-09-11 10:40:44",41
"2019-09-11 11:40:40",41
"2019-09-11 12:40:38",41
"2019-09-11 13:40:39",41
"2019-09-11 14:40:38",41
"2019-09-11 15:40:37",41
"2019-09-11 16:40:37",41
"2019-09-11 17:40:37",41
"2019-09-11 18:40:38",41
"2019-09-11 19:40:38",40
"2019-09-11 20:40:37",40
"2019-09-11 21:40:43",40
"2019-09-11 22:40:38",40
"2019-09-11 23:40:37",40
"2019-09-12 00:40:38",40
"2019-09-12 01:40:37",40
"2019-09-12 02:40:43",40
"2019-09-12 03:40:38",40
"2019-09-12 04:40:37",40
"2019-09-12 05:40:39",40
"2019-09-12 06:40:38",40
"2019-09-12 07:40:37",40
"2019-09-12 08:40:37",40
"2019-09-12 09:40:37",40
"2019-09-12 10:40:47",40
"2019-09-12 11:40:38",40
"2019-09-12 13:04:42",40
"2019-09-12 13:40:38",40
"2019-09-12 14:40:40",40
"2019-09-12 15:40:40",40
"2019-09-12 16:40:39",40
"2019-09-12 17:40:38",40
"2019-09-12 18:40:38",40
"2019-09-12 19:40:37",40
"2019-09-12 20:40:37",40
"2019-09-12 21:40:36",40
"2019-09-12 22:40:37",40
"2019-09-12 23:40:37",40
"2019-09-13 00:40:37",40
"2019-09-13 01:40:38",40
"2019-09-13 02:40:37",40
"2019-09-13 03:40:38",40
"2019-09-13 04:40:36",40
"2019-09-13 05:40:37",40
"2019-09-13 06:40:38",40
"2019-09-13 07:40:37",40
"2019-09-13 08:40:37",40
"2019-09-13 09:40:37",40
"2019-09-13 10:40:38",40
"2019-09-13 11:40:37",40
"2019-09-13 13:04:40",40
"2019-09-13 14:05:42",40
"2019-09-13 14:40:38",40
"2019-09-13 15:40:37",39
"2019-09-13 16:40:37",39
"2019-09-13 17:40:37",39
"2019-09-13 18:40:37",39
"2019-09-13 19:40:37",39
"2019-09-13 20:40:35",39
"2019-09-13 21:40:39",39
"2019-09-13 22:40:36",39
"2019-09-13 23:40:37",39
"2019-09-14 00:40:39",39
"2019-09-14 01:40:35",39
"2019-09-14 02:40:37",39
"2019-09-14 03:40:38",39
"2019-09-14 04:40:35",39
"2019-09-14 05:40:36",39
"2019-09-14 06:40:37",39
"2019-09-14 07:40:37",39
"2019-09-14 08:40:36",39
"2019-09-14 09:40:35",39
"2019-09-14 10:40:37",39
"2019-09-14 11:40:35",39
"2019-09-14 12:40:36",39
"2019-09-14 13:40:35",39
"2019-09-14 14:40:37",39
"2019-09-14 15:40:35",39
"2019-09-14 16:40:37",39
"2019-09-14 17:40:37",39
"2019-09-14 18:40:35",39
"2019-09-14 19:40:35",39
"2019-09-14 20:40:35",39
"2019-09-14 21:40:37",39
"2019-09-14 22:40:36",39
"2019-09-14 23:40:36",39
"2019-09-15 00:40:37",39
"2019-09-15 01:40:35",39
"2019-09-15 02:40:38",39
"2019-09-15 03:40:38",39
"2019-09-15 04:40:37",39
"2019-09-15 05:40:36",39
"2019-09-15 06:40:39",39
"2019-09-15 07:40:38",39
"2019-09-15 08:40:38",39
"2019-09-15 09:40:36",39
"2019-09-15 10:40:37",39
"2019-09-15 11:40:37",39
"2019-09-15 12:40:38",39
"2019-09-15 13:40:37",39
"2019-09-15 14:40:36",39
"2019-09-15 15:40:36",39
"2019-09-15 16:40:38",39
"2019-09-15 17:40:35",39
"2019-09-15 18:40:35",39
"2019-09-15 19:40:36",39
"2019-09-15 20:40:36",39
"2019-09-15 21:40:37",39
"2019-09-15 22:40:36",39
"2019-09-15 23:40:35",39
"2019-09-16 00:40:38",39
"2019-09-16 01:40:36",39
"2019-09-16 02:40:37",39
"2019-09-16 03:40:37",39
"2019-09-16 04:40:35",39
"2019-09-16 05:40:37",39
"2019-09-16 06:40:38",39
"2019-09-16 07:40:36",39
"2019-09-16 08:40:37",39
"2019-09-16 09:40:37",39
"2019-09-16 10:40:37",39
"2019-09-16 11:40:35",39
"2019-09-16 13:04:11",39
"2019-09-16 13:40:37",39
"2019-09-16 14:40:38",39
"2019-09-16 15:40:37",39
"2019-09-16 16:40:39",39
"2019-09-16 17:40:37",39
"2019-09-16 18:40:37",39
"2019-09-16 19:40:43",39
"2019-09-16 20:40:39",40
"2019-09-16 21:40:38",40
"2019-09-16 22:40:40",40
"2019-09-16 23:40:37",40
"2019-09-17 00:40:37",40
"2019-09-17 01:40:36",40
"2019-09-17 02:40:38",40
"2019-09-17 03:40:38",40
"2019-09-17 04:40:37",40
"2019-09-17 05:40:37",40
"2019-09-17 06:40:36",40
"2019-09-17 07:40:38",40
"2019-09-17 08:40:36",40
"2019-09-17 09:40:39",40
"2019-09-17 10:40:38",40
"2019-09-17 11:40:36",40
"2019-09-17 12:40:37",40
"2019-09-17 13:40:39",40
"2019-09-17 14:40:38",40
"2019-09-17 15:40:39",40
"2019-09-17 16:40:40",40
"2019-09-17 17:40:38",40
"2019-09-17 18:40:39",41
"2019-09-17 19:40:38",41
"2019-09-17 20:40:38",41
"2019-09-17 21:40:38",41
"2019-09-17 22:40:41",41
"2019-09-17 23:40:39",41
"2019-09-18 00:40:38",41
"2019-09-18 01:40:38",41
"2019-09-18 02:40:37",41
"2019-09-18 03:40:38",41
"2019-09-18 04:40:45",41
"2019-09-18 05:40:38",41
"2019-09-18 06:40:40",41
"2019-09-18 07:40:38",41
"2019-09-18 08:40:39",41
"2019-09-18 09:40:39",41
"2019-09-18 10:40:38",41
"2019-09-18 11:40:38",41
"2019-09-18 13:35:46",41
"2019-09-18 13:43:03",41
"2019-09-18 14:40:39",41
"2019-09-18 15:40:40",41
"2019-09-18 16:40:41",41
"2019-09-18 17:40:38",40
"2019-09-18 18:40:38",40
"2019-09-18 19:40:40",40
"2019-09-18 20:40:39",40
"2019-09-18 21:40:38",40
"2019-09-18 22:40:39",40
"2019-09-18 23:40:41",40
"2019-09-19 00:40:37",40
"2019-09-19 01:40:38",40
"2019-09-19 02:40:41",40
"2019-09-19 03:40:39",40
"2019-09-19 04:40:37",40
"2019-09-19 05:40:38",40
"2019-09-19 06:40:40",40
"2019-09-19 07:40:37",40
"2019-09-19 08:40:39",40
"2019-09-19 09:40:38",40
"2019-09-19 10:40:39",40
"2019-09-19 11:40:37",40
"2019-09-19 13:04:13",40
"2019-09-19 13:40:40",40
"2019-09-19 14:40:37",40
"2019-09-19 15:40:38",41
"2019-09-19 16:40:41",41
"2019-09-19 17:40:39",41
"2019-09-19 18:40:39",41
"2019-09-19 19:40:37",41
"2019-09-19 20:40:40",41
"2019-09-19 21:40:38",41
"2019-09-19 22:40:39",41
"2019-09-19 23:40:37",41
"2019-09-20 00:40:40",41
"2019-09-20 01:40:43",41
"2019-09-20 02:40:37",41
"2019-09-20 03:40:39",41
"2019-09-20 04:40:38",41
"2019-09-20 05:40:39",41
"2019-09-20 06:40:38",41
"2019-09-20 07:40:38",41
"2019-09-20 08:40:38",41
"2019-09-20 09:40:37",41
"2019-09-20 10:40:37",41
"2019-09-20 11:40:38",41
"2019-09-20 12:40:40",41
"2019-09-20 13:40:36",41
"2019-09-20 14:40:38",41
"2019-09-20 15:40:39",41
"2019-09-20 16:40:39",41
"2019-09-20 17:40:41",41
"2019-09-20 18:40:37",41
"2019-09-20 19:40:40",41
"2019-09-20 20:40:36",41
"2019-09-20 21:40:38",41
"2019-09-20 22:40:39",41
"2019-09-20 23:40:36",41
"2019-09-21 00:40:36",41
"2019-09-21 01:40:37",41
"2019-09-21 02:40:38",41
"2019-09-21 03:40:40",41
"2019-09-21 04:40:36",41
"2019-09-21 05:40:39",41
"2019-09-21 06:40:39",41
"2019-09-21 07:40:36",41
"2019-09-21 08:40:37",41
"2019-09-21 09:40:38",41
"2019-09-21 10:40:36",41
"2019-09-21 11:40:37",41
"2019-09-21 12:40:38",41
"2019-09-21 13:40:38",41
"2019-09-21 14:40:37",41
"2019-09-21 15:40:36",41
"2019-09-21 16:40:38",41
"2019-09-21 17:40:37",41
"2019-09-21 18:40:37",41
"2019-09-21 19:40:37",41
"2019-09-21 20:40:37",41
"2019-09-21 21:40:37",41
"2019-09-21 22:40:38",41
"2019-09-21 23:40:38",41
"2019-09-22 00:40:36",41
"2019-09-22 01:40:36",41
"2019-09-22 02:40:37",41
"2019-09-22 03:40:38",41
"2019-09-22 04:40:38",41
"2019-09-22 05:40:37",41
"2019-09-22 06:40:38",41
"2019-09-22 07:40:39",41
"2019-09-22 08:40:37",41
"2019-09-22 09:40:38",41
"2019-09-22 10:40:37",41
"2019-09-22 11:40:37",41
"2019-09-22 12:40:38",41
"2019-09-22 13:40:37",41
"2019-09-22 14:40:39",41
"2019-09-22 15:40:37",41
"2019-09-22 16:40:38",41
"2019-09-22 17:40:37",41
"2019-09-22 18:40:37",41
"2019-09-22 19:40:38",41
"2019-09-22 20:40:36",41
"2019-09-22 21:40:37",41
"2019-09-22 22:40:37",41
"2019-09-22 23:40:37",41
"2019-09-23 00:40:38",41
"2019-09-23 01:40:36",41
"2019-09-23 02:40:36",41
"2019-09-23 03:40:38",41
"2019-09-23 04:40:36",41
"2019-09-23 05:40:36",41
"2019-09-23 06:40:38",41
"2019-09-23 07:40:37",41
"2019-09-23 08:40:38",41
"2019-09-23 09:40:37",41
"2019-09-23 10:40:36",41
"2019-09-23 11:40:39",41
"2019-09-23 12:40:38",41
"2019-09-23 13:40:37",41
"2019-09-23 14:40:39",41
"2019-09-23 15:40:36",41
"2019-09-23 16:40:38",41
"2019-09-23 17:40:37",41
"2019-09-23 18:40:39",41
"2019-09-23 19:40:37",41
"2019-09-23 20:40:37",41
"2019-09-23 21:40:38",41
"2019-09-23 22:40:38",41
"2019-09-23 23:40:36",41
"2019-09-24 00:40:38",41
"2019-09-24 01:40:37",41
"2019-09-24 02:40:41",41
"2019-09-24 03:40:39",41
"2019-09-24 04:40:37",41
"2019-09-24 05:40:41",41
"2019-09-24 06:40:37",41
"2019-09-24 07:40:37",41
"2019-09-24 08:40:38",41
"2019-09-24 09:40:36",41
"2019-09-24 10:40:38",41
"2019-09-24 11:40:38",41
"2019-09-24 12:40:38",41
"2019-09-24 13:40:37",41
"2019-09-24 14:40:38",41
"2019-09-24 15:40:39",41
"2019-09-24 16:40:38",41
"2019-09-24 17:40:38",40
"2019-09-24 18:40:38",40
"2019-09-24 19:40:36",40
"2019-09-24 20:40:37",40
"2019-09-24 21:40:39",40
"2019-09-24 22:40:37",40
"2019-09-24 23:40:36",40
"2019-09-25 00:40:38",40
"2019-09-25 01:40:40",40
"2019-09-25 02:40:35",40
"2019-09-25 03:40:39",40
"2019-09-25 04:40:39",40
"2019-09-25 05:40:36",40
"2019-09-25 06:40:38",40
"2019-09-25 07:40:39",40
"2019-09-25 08:40:37",40
"2019-09-25 09:40:38",40
"2019-09-25 10:40:39",40
"2019-09-25 11:40:37",40
"2019-09-25 12:40:39",40
"2019-09-25 13:40:39",40
"2019-09-25 14:40:39",40
"2019-09-25 15:40:40",40
"2019-09-25 16:40:38",40
"2019-09-25 17:40:38",40
"2019-09-25 18:40:37",40
"2019-09-25 19:40:39",40
"2019-09-25 20:40:37",40
"2019-09-25 21:40:37",40
"2019-09-25 22:40:37",40
"2019-09-25 23:40:39",40
"2019-09-26 00:40:37",40
"2019-09-26 01:40:37",40
"2019-09-26 02:40:38",40
"2019-09-26 03:40:38",40
"2019-09-26 04:40:41",40
"2019-09-26 05:40:39",40
"2019-09-26 06:40:38",40
"2019-09-26 07:40:37",40
"2019-09-26 08:40:38",40
"2019-09-26 09:40:39",40
"2019-09-26 10:40:37",40
"2019-09-26 11:40:36",40
"2019-09-26 13:03:42",40
"2019-09-26 13:40:42",40
"2019-09-26 14:40:38",40
"2019-09-26 15:40:39",40
"2019-09-26 16:40:40",40
"2019-09-26 17:40:39",40
"2019-09-26 18:40:40",40
"2019-09-26 19:40:39",40
"2019-09-26 20:40:37",40
"2019-09-26 21:40:39",40
"2019-09-26 22:40:38",40
"2019-09-26 23:40:38",40
"2019-09-27 00:40:38",40
"2019-09-27 01:40:36",40
"2019-09-27 02:40:39",40
"2019-09-27 03:40:38",40
"2019-09-27 04:40:38",40
"2019-09-27 05:40:39",40
"2019-09-27 06:40:38",40
"2019-09-27 07:40:41",40
"2019-09-27 08:40:38",40
"2019-09-27 09:40:37",40
"2019-09-27 10:40:39",40
"2019-09-27 11:40:37",40
"2019-09-27 13:04:44",40
"2019-09-27 13:40:41",40
"2019-09-27 14:40:40",40
"2019-09-27 15:40:40",40
"2019-09-27 16:40:39",40
"2019-09-27 17:40:39",40
"2019-09-27 18:40:37",40
"2019-09-27 19:40:40",40
"2019-09-27 20:40:37",40
"2019-09-27 21:40:38",40
"2019-09-27 22:40:42",40
"2019-09-27 23:40:40",40
"2019-09-28 00:40:39",40
"2019-09-28 01:40:40",40
"2019-09-28 02:40:39",40
"2019-09-28 03:40:40",40
"2019-09-28 04:40:39",40
"2019-09-28 05:40:41",40
"2019-09-28 06:40:37",40
"2019-09-28 07:40:39",40
"2019-09-28 08:40:38",40
"2019-09-28 09:40:39",40
"2019-09-28 10:40:37",40
"2019-09-28 11:40:39",40
"2019-09-28 12:40:39",40
"2019-09-28 13:40:41",40
"2019-09-28 14:40:39",40
"2019-09-28 15:40:37",40
"2019-09-28 16:40:40",40
"2019-09-28 17:40:39",40
"2019-09-28 18:40:37",40
"2019-09-28 19:40:38",40
"2019-09-28 20:40:39",40
"2019-09-28 21:40:38",40
"2019-09-28 22:40:39",40
"2019-09-28 23:40:37",40
"2019-09-29 00:40:38",40
"2019-09-29 01:40:40",40
"2019-09-29 02:40:39",40
"2019-09-29 03:40:40",40
"2019-09-29 04:40:39",40
"2019-09-29 05:40:39",40
"2019-09-29 06:40:38",40
"2019-09-29 07:40:39",40
"2019-09-29 08:40:38",40
"2019-09-29 09:40:39",40
"2019-09-29 10:40:38",40
"2019-09-29 11:40:39",40
"2019-09-29 12:40:39",40
"2019-09-29 13:40:38",40
"2019-09-29 14:40:39",40
"2019-09-29 15:40:37",40
"2019-09-29 16:40:39",40
"2019-09-29 17:40:41",40
"2019-09-29 18:40:38",40
"2019-09-29 19:40:40",40
"2019-09-29 20:40:40",40
"2019-09-29 21:40:37",40
"2019-09-29 22:40:38",40
"2019-09-29 23:40:41",40
"2019-09-30 00:40:36",40
"2019-09-30 01:40:39",40
"2019-09-30 02:40:37",40
"2019-09-30 03:40:39",40
"2019-09-30 04:40:38",40
"2019-09-30 05:40:39",40
"2019-09-30 06:40:37",40
"2019-09-30 07:40:40",40
"2019-09-30 08:40:39",40
"2019-09-30 09:40:39",40
"2019-09-30 10:40:37",40
"2019-09-30 11:40:38",40
"2019-09-30 12:40:41",40
"2019-09-30 13:40:38",40
"2019-09-30 14:40:40",40
"2019-09-30 15:40:40",40
"2019-09-30 16:40:42",40
"2019-09-30 17:40:39",40
"2019-09-30 18:40:41",40
"2019-09-30 19:40:39",40
"2019-09-30 20:40:38",40
"2019-09-30 21:40:39",40
"2019-09-30 22:40:38",40
"2019-09-30 23:40:39",40
"2019-10-01 00:40:39",40
"2019-10-01 01:40:37",40
"2019-10-01 02:40:38",40
"2019-10-01 03:40:39",40
"2019-10-01 04:40:37",40
"2019-10-01 05:40:38",40
"2019-10-01 06:40:38",40
"2019-10-01 07:40:39",40
"2019-10-01 08:40:38",40
"2019-10-01 09:40:43",40
"2019-10-01 10:40:39",40
"2019-10-01 11:40:38",40
"2019-10-01 13:03:43",40
"2019-10-01 13:40:38",40
"2019-10-01 14:40:38",40
"2019-10-01 15:40:38",40
"2019-10-01 16:40:40",40
"2019-10-01 17:40:37",40
"2019-10-01 18:40:39",40
"2019-10-01 19:40:38",40
"2019-10-01 20:40:37",40
"2019-10-01 21:40:38",40
"2019-10-01 22:40:38",40
"2019-10-01 23:40:38",40
"2019-10-02 00:40:41",40
"2019-10-02 01:40:38",40
"2019-10-02 02:40:37",40
"2019-10-02 03:40:38",40
"2019-10-02 04:40:40",40
"2019-10-02 05:40:39",40
"2019-10-02 06:40:38",40
"2019-10-02 07:40:38",40
"2019-10-02 08:40:37",40
"2019-10-02 09:40:39",40
"2019-10-02 10:40:37",40
"2019-10-02 11:40:37",40
"2019-10-02 13:04:12",40
"2019-10-02 13:40:38",40
"2019-10-02 14:40:38",39
"2019-10-02 15:40:39",39
"2019-10-02 16:40:37",39
"2019-10-02 17:40:37",39
"2019-10-02 18:40:37",39
"2019-10-02 19:40:38",38
"2019-10-02 20:40:38",38
"2019-10-02 21:40:38",38
"2019-10-02 22:40:39",38
"2019-10-02 23:40:36",38
"2019-10-03 00:40:37",38
"2019-10-03 01:40:37",38
"2019-10-03 02:40:37",38
"2019-10-03 03:40:38",38
"2019-10-03 04:40:38",38
"2019-10-03 05:40:37",38
"2019-10-03 06:40:37",38
"2019-10-03 07:40:39",38
"2019-10-03 08:40:37",38
"2019-10-03 09:40:38",38
"2019-10-03 10:40:39",38
"2019-10-03 11:40:37",38
"2019-10-03 13:04:10",38
"2019-10-03 13:41:10",38
"2019-10-03 14:40:39",38
"2019-10-03 15:40:37",38
"2019-10-03 16:40:37",38
"2019-10-03 17:40:38",38
"2019-10-03 18:40:38",38
"2019-10-03 19:40:38",38
"2019-10-03 20:40:37",38
"2019-10-03 21:40:38",38
"2019-10-03 22:40:38",38
"2019-10-03 23:40:39",38
"2019-10-04 00:40:37",38
"2019-10-04 01:40:37",38
"2019-10-04 02:40:37",38
"2019-10-04 03:40:37",38
"2019-10-04 04:40:37",38
"2019-10-04 05:40:39",38
"2019-10-04 06:40:39",38
"2019-10-04 07:40:37",38
"2019-10-04 08:40:38",38
"2019-10-04 09:40:38",38
"2019-10-04 10:40:38",38
"2019-10-04 11:40:37",38
"2019-10-04 12:40:39",38
"2019-10-04 13:40:40",38
"2019-10-04 14:40:38",37
"2019-10-04 15:40:38",37
"2019-10-04 16:40:40",38
"2019-10-04 17:40:38",38
"2019-10-04 18:40:38",38
"2019-10-04 19:40:38",38
"2019-10-04 20:40:39",38
"2019-10-04 21:40:39",38
"2019-10-04 22:40:38",38
"2019-10-04 23:40:38",38
"2019-10-05 00:40:40",38
"2019-10-05 01:40:38",38
"2019-10-05 02:40:38",38
"2019-10-05 03:40:38",38
"2019-10-05 04:40:37",38
"2019-10-05 05:40:42",38
"2019-10-05 06:40:38",38
"2019-10-05 07:40:38",38
"2019-10-05 08:40:39",38
"2019-10-05 09:40:38",38
"2019-10-05 10:40:38",38
"2019-10-05 11:40:39",38
"2019-10-05 12:40:39",38
"2019-10-05 13:40:39",38
"2019-10-05 14:40:38",38
"2019-10-05 15:40:38",38
"2019-10-05 16:40:39",38
"2019-10-05 17:40:41",38
"2019-10-05 18:40:39",38
"2019-10-05 19:40:38",38
"2019-10-05 20:40:39",38
"2019-10-05 21:40:38",38
"2019-10-05 22:40:39",38
"2019-10-05 23:40:39",38
"2019-10-06 00:40:38",38
"2019-10-06 01:40:39",38
"2019-10-06 02:40:41",38
"2019-10-06 03:40:39",38
"2019-10-06 04:40:39",38
"2019-10-06 05:40:39",38
"2019-10-06 06:40:41",38
"2019-10-06 07:40:39",38
"2019-10-06 08:40:40",38
"2019-10-06 09:40:38",38
"2019-10-06 10:40:39",38
"2019-10-06 11:40:39",38
"2019-10-06 12:40:39",38
"2019-10-06 13:40:38",38
"2019-10-06 14:40:40",38
"2019-10-06 15:40:38",38
"2019-10-06 16:40:38",38
"2019-10-06 17:40:38",38
"2019-10-06 18:40:41",38
"2019-10-06 19:40:40",38
"2019-10-06 20:40:38",38
"2019-10-06 21:40:38",38
"2019-10-06 22:40:37",38
"2019-10-06 23:40:38",38
"2019-10-07 00:40:38",38
"2019-10-07 01:40:39",38
"2019-10-07 02:40:39",38
"2019-10-07 03:40:38",38
"2019-10-07 04:40:38",38
"2019-10-07 05:40:38",38
"2019-10-07 06:40:39",38
"2019-10-07 07:40:38",38
"2019-10-07 08:40:38",38
"2019-10-07 09:40:42",38
"2019-10-07 10:40:39",38
"2019-10-07 11:40:38",38
"2019-10-07 12:40:42",38
"2019-10-07 13:40:39",38
"2019-10-07 14:40:38",39
"2019-10-07 15:40:39",39
"2019-10-07 16:40:40",39
"2019-10-07 17:40:39",39
"2019-10-07 18:40:38",39
"2019-10-07 19:40:40",39
"2019-10-07 20:40:38",39
"2019-10-07 21:40:38",39
"2019-10-07 22:40:38",39
"2019-10-07 23:40:40",39
"2019-10-08 00:40:38",39
"2019-10-08 01:40:38",39
"2019-10-08 02:40:38",39
"2019-10-08 03:40:40",39
"2019-10-08 04:40:38",39
"2019-10-08 05:40:38",39
"2019-10-08 06:40:39",39
"2019-10-08 07:40:39",39
"2019-10-08 08:40:39",39
"2019-10-08 09:40:39",39
"2019-10-08 10:40:40",39
"2019-10-08 11:40:38",39
"2019-10-08 12:40:38",39
"2019-10-08 13:40:39",39
"2019-10-08 14:40:38",40
"2019-10-08 15:40:38",40
"2019-10-08 16:40:40",40
"2019-10-08 17:40:40",40
"2019-10-08 18:40:40",40
"2019-10-08 19:40:40",40
"2019-10-08 20:40:38",40
"2019-10-08 21:40:39",40
"2019-10-08 22:40:38",40
"2019-10-08 23:40:39",40
"2019-10-09 00:40:38",40
"2019-10-09 01:40:39",40
"2019-10-09 02:40:39",40
"2019-10-09 03:40:38",40
"2019-10-09 04:40:40",40
"2019-10-09 05:40:38",40
"2019-10-09 06:40:39",40
"2019-10-09 07:40:41",40
"2019-10-09 08:40:39",40
"2019-10-09 09:40:38",40
"2019-10-09 10:40:39",40
"2019-10-09 11:40:38",40
"2019-10-09 12:40:41",40
"2019-10-09 13:40:39",40
"2019-10-09 14:40:39",41
"2019-10-09 15:40:42",41
"2019-10-09 16:40:39",41
"2019-10-09 17:40:43",41
"2019-10-09 18:40:40",41
"2019-10-09 19:40:41",41
"2019-10-09 20:40:39",41
"2019-10-09 21:40:38",41
"2019-10-09 22:40:39",41
"2019-10-09 23:40:39",41
"2019-10-10 00:40:39",41
"2019-10-10 01:40:38",41
"2019-10-10 02:40:39",41
"2019-10-10 03:40:38",41
"2019-10-10 04:40:38",41
"2019-10-10 05:40:42",41
"2019-10-10 06:40:39",41
"2019-10-10 07:40:40",41
"2019-10-10 08:40:39",41
"2019-10-10 09:40:38",41
"2019-10-10 10:40:39",41
"2019-10-10 11:40:39",41
"2019-10-10 13:03:42",41
"2019-10-10 13:40:40",41
"2019-10-10 14:40:39",40
"2019-10-10 15:40:38",40
"2019-10-10 16:40:39",40
"2019-10-10 17:40:38",40
"2019-10-10 18:40:38",40
"2019-10-10 19:40:40",40
"2019-10-10 20:40:39",41
"2019-10-10 21:40:40",41
"2019-10-10 22:40:38",41
"2019-10-10 23:40:49",41
"2019-10-11 00:40:40",41
"2019-10-11 01:40:39",41
"2019-10-11 02:40:39",41
"2019-10-11 03:40:41",41
"2019-10-11 04:40:39",41
"2019-10-11 05:40:38",41
"2019-10-11 06:40:41",41
"2019-10-11 07:40:39",41
"2019-10-11 08:40:40",41
"2019-10-11 09:40:42",41
"2019-10-11 10:40:39",41
"2019-10-11 11:40:39",41
"2019-10-11 13:04:13",41
"2019-10-11 13:40:41",41
"2019-10-11 14:40:38",41
"2019-10-11 15:40:42",42
"2019-10-11 16:40:40",42
"2019-10-11 17:40:39",42
"2019-10-11 18:40:39",43
"2019-10-11 19:40:40",43
"2019-10-11 20:40:39",43
"2019-10-11 21:40:39",43
"2019-10-11 22:40:39",43
"2019-10-11 23:40:39",43
"2019-10-12 00:40:40",43
"2019-10-12 01:40:38",43
"2019-10-12 02:40:39",43
"2019-10-12 03:40:40",43
"2019-10-12 04:40:38",43
"2019-10-12 05:40:40",43
"2019-10-12 06:40:41",43
"2019-10-12 07:40:38",43
"2019-10-12 08:40:39",43
"2019-10-12 09:40:41",43
"2019-10-12 10:40:38",43
"2019-10-12 11:40:38",43
"2019-10-12 12:40:41",43
"2019-10-12 13:40:39",43
"2019-10-12 14:40:39",43
"2019-10-12 15:40:39",43
"2019-10-12 16:40:41",43
"2019-10-12 17:40:40",43
"2019-10-12 18:40:39",43
"2019-10-12 19:40:40",43
"2019-10-12 20:40:40",43
"2019-10-12 21:40:39",43
"2019-10-12 22:40:39",43
"2019-10-12 23:40:39",43
"2019-10-13 00:40:41",43
"2019-10-13 01:40:39",43
"2019-10-13 02:40:38",43
"2019-10-13 03:40:41",43
"2019-10-13 04:40:39",43
"2019-10-13 05:40:39",43
"2019-10-13 06:40:40",43
"2019-10-13 07:40:39",43
"2019-10-13 08:40:40",43
"2019-10-13 09:40:40",43
"2019-10-13 10:40:38",43
"2019-10-13 11:40:41",43
"2019-10-13 12:40:39",43
"2019-10-13 13:40:41",43
"2019-10-13 14:40:39",43
"2019-10-13 15:40:39",43
"2019-10-13 16:40:41",43
"2019-10-13 17:40:39",43
"2019-10-13 18:40:39",43
"2019-10-13 19:40:39",43
"2019-10-13 20:40:40",43
"2019-10-13 21:40:40",43
"2019-10-13 22:40:39",43
"2019-10-13 23:40:42",43
"2019-10-14 00:40:39",43
"2019-10-14 01:40:40",43
"2019-10-14 02:40:39",43
"2019-10-14 03:40:39",43
"2019-10-14 04:40:40",43
"2019-10-14 05:40:39",43
"2019-10-14 06:40:40",43
"2019-10-14 07:40:39",43
"2019-10-14 08:40:39",43
"2019-10-14 09:40:42",43
"2019-10-14 10:40:40",43
"2019-10-14 11:40:40",43
"2019-10-14 12:40:41",43
"2019-10-14 13:40:39",43
"2019-10-14 14:40:39",41
"2019-10-14 15:40:41",41
"2019-10-14 16:40:43",41
"2019-10-14 17:40:39",41
"2019-10-14 18:40:41",41
"2019-10-14 19:40:39",41
"2019-10-14 20:40:40",41
"2019-10-14 21:40:40",41
"2019-10-14 22:40:40",41
"2019-10-14 23:40:44",41
"2019-10-15 00:40:38",41
"2019-10-15 01:40:40",41
"2019-10-15 02:40:42",41
"2019-10-15 03:40:39",41
"2019-10-15 04:40:39",41
"2019-10-15 05:40:40",41
"2019-10-15 06:40:40",41
"2019-10-15 07:40:42",41
"2019-10-15 08:40:40",41
"2019-10-15 09:40:39",41
"2019-10-15 10:40:40",41
"2019-10-15 11:40:40",41
"2019-10-15 12:40:40",41
"2019-10-15 13:40:42",41
"2019-10-15 14:40:39",42
"2019-10-15 15:40:38",42
"2019-10-15 16:40:41",42
"2019-10-15 17:40:39",42
"2019-10-15 18:40:41",42
"2019-10-15 19:40:40",42
"2019-10-15 20:40:42",42
"2019-10-15 21:40:39",42
"2019-10-15 22:40:39",42
"2019-10-15 23:40:39",42
"2019-10-16 00:40:39",42
"2019-10-16 01:40:39",42
"2019-10-16 02:40:40",42
"2019-10-16 03:40:42",42
"2019-10-16 04:40:40",42
"2019-10-16 05:40:40",42
"2019-10-16 06:40:38",42
"2019-10-16 07:40:42",42
"2019-10-16 08:40:42",42
"2019-10-16 09:40:40",42
"2019-10-16 10:40:41",42
"2019-10-16 11:40:39",42
"2019-10-16 12:40:39",42
"2019-10-16 13:40:41",42
"2019-10-16 14:40:39",42
"2019-10-16 15:40:41",43
"2019-10-16 16:40:39",43
"2019-10-16 17:40:39",43
"2019-10-16 18:40:39",43
"2019-10-16 19:40:39",43
"2019-10-16 20:40:39",43
"2019-10-16 21:40:40",43
"2019-10-16 22:40:39",43
"2019-10-16 23:40:40",43
"2019-10-17 00:40:39",43
"2019-10-17 01:40:40",43
"2019-10-17 02:40:39",43
"2019-10-17 03:40:43",43
"2019-10-17 04:40:40",43
"2019-10-17 05:40:39",43
"2019-10-17 06:40:39",43
"2019-10-17 07:40:40",43
"2019-10-17 08:40:40",43
"2019-10-17 09:40:39",43
"2019-10-17 10:40:38",43
"2019-10-17 11:40:40",43
"2019-10-17 12:40:38",43
"2019-10-17 13:40:40",43
"2019-10-17 14:40:39",42
"2019-10-17 15:40:39",42
"2019-10-17 16:40:38",42
"2019-10-17 17:40:40",42
"2019-10-17 18:40:40",42
"2019-10-17 19:40:40",42
"2019-10-17 20:40:40",42
"2019-10-17 21:40:39",42
"2019-10-17 22:40:40",42
"2019-10-17 23:40:39",42
"2019-10-18 00:40:39",42
"2019-10-18 01:40:40",42
"2019-10-18 02:40:38",42
"2019-10-18 03:40:41",42
"2019-10-18 04:40:38",42
"2019-10-18 05:40:39",42
"2019-10-18 06:40:42",42
"2019-10-18 07:40:39",42
"2019-10-18 08:40:39",42
"2019-10-18 09:40:40",42
"2019-10-18 10:40:41",42
"2019-10-18 11:40:40",42
"2019-10-18 13:03:15",42
"2019-10-18 13:40:39",42
"2019-10-18 14:40:40",43
"2019-10-18 15:40:42",42
"2019-10-18 16:40:40",42
"2019-10-18 17:40:40",42
"2019-10-18 18:40:40",42
"2019-10-18 19:40:40",42
"2019-10-18 20:40:42",42
"2019-10-18 21:40:40",42
"2019-10-18 22:40:39",42
"2019-10-18 23:40:40",42
"2019-10-19 00:40:40",42
"2019-10-19 01:40:42",42
"2019-10-19 02:40:40",42
"2019-10-19 03:40:40",42
"2019-10-19 04:40:40",42
"2019-10-19 05:40:39",42
"2019-10-19 06:40:42",42
"2019-10-19 07:40:41",42
"2019-10-19 08:40:41",42
"2019-10-19 09:40:41",42
"2019-10-19 10:40:41",42
"2019-10-19 11:40:40",42
"2019-10-19 12:40:42",42
"2019-10-19 13:40:39",42
"2019-10-19 14:40:40",42
"2019-10-19 15:40:40",42
"2019-10-19 16:40:42",42
"2019-10-19 17:40:40",42
"2019-10-19 18:40:40",42
"2019-10-19 19:40:41",42
"2019-10-19 20:40:40",42
"2019-10-19 21:40:39",42
"2019-10-19 22:40:40",42
"2019-10-19 23:40:40",42
"2019-10-20 00:40:40",42
"2019-10-20 01:40:39",42
"2019-10-20 02:40:42",42
"2019-10-20 03:40:39",42
"2019-10-20 04:40:41",42
"2019-10-20 05:40:41",42
"2019-10-20 06:40:41",42
"2019-10-20 07:40:42",42
"2019-10-20 08:40:40",42
"2019-10-20 09:40:40",42
"2019-10-20 10:40:42",42
"2019-10-20 11:40:39",42
"2019-10-20 12:40:41",42
"2019-10-20 13:40:40",42
"2019-10-20 14:40:39",42
"2019-10-20 15:40:40",42
"2019-10-20 16:40:41",42
"2019-10-20 17:40:39",42
"2019-10-20 18:40:40",42
"2019-10-20 19:40:39",42
"2019-10-20 20:40:39",42
"2019-10-20 21:40:39",42
"2019-10-20 22:40:40",42
"2019-10-20 23:40:39",42
"2019-10-21 00:40:41",42
"2019-10-21 01:40:42",42
"2019-10-21 02:40:40",42
"2019-10-21 03:40:40",42
"2019-10-21 04:40:39",42
"2019-10-21 05:40:43",42
"2019-10-21 06:40:40",42
"2019-10-21 07:40:40",42
"2019-10-21 08:40:40",42
"2019-10-21 09:40:41",42
"2019-10-21 10:40:40",42
"2019-10-21 11:40:42",42
"2019-10-21 13:04:13",42
"2019-10-21 13:40:43",42
"2019-10-21 14:40:40",41
"2019-10-21 15:40:41",41
"2019-10-21 16:40:41",40
"2019-10-21 17:40:40",40
"2019-10-21 18:40:40",40
"2019-10-21 19:40:41",40
"2019-10-21 20:40:40",41
"2019-10-21 21:40:40",41
"2019-10-21 22:40:42",41
"2019-10-21 23:40:40",41
"2019-10-22 00:40:40",41
"2019-10-22 01:40:40",41
"2019-10-22 02:40:42",41
"2019-10-22 03:40:42",41
"2019-10-22 04:40:41",41
"2019-10-22 05:40:41",41
"2019-10-22 06:40:40",41
"2019-10-22 07:40:42",41
"2019-10-22 08:40:41",41
"2019-10-22 09:40:42",41
"2019-10-22 10:40:39",41
"2019-10-22 11:40:39",41
"2019-10-22 12:40:44",41
"2019-10-22 13:40:40",41
"2019-10-22 14:40:40",41
"2019-10-22 15:40:44",41
"2019-10-22 16:40:41",41
"2019-10-22 17:40:42",41
"2019-10-22 18:40:42",41
"2019-10-22 19:40:40",40
"2019-10-22 20:40:42",40
"2019-10-22 21:40:41",40
"2019-10-22 22:40:42",40
"2019-10-22 23:40:42",40
"2019-10-23 00:40:44",40
"2019-10-23 01:40:42",40
"2019-10-23 02:40:40",40
"2019-10-23 03:40:40",40
"2019-10-23 04:40:42",40
"2019-10-23 05:40:41",40
"2019-10-23 06:40:45",40
"2019-10-23 07:40:42",40
"2019-10-23 08:40:41",40
"2019-10-23 09:40:42",40
"2019-10-23 10:40:42",40
"2019-10-23 11:40:40",40
"2019-10-23 12:40:43",40
"2019-10-23 13:40:43",40
"2019-10-23 14:40:40",40
"2019-10-23 15:40:40",40
"2019-10-23 16:40:42",40
"2019-10-23 17:40:40",39
"2019-10-23 18:40:40",39
"2019-10-23 19:40:41",39
"2019-10-23 20:40:41",39
"2019-10-23 21:40:40",39
"2019-10-23 22:40:41",39
"2019-10-23 23:40:40",39
"2019-10-24 00:42:40",39
"2019-10-24 01:40:41",39
"2019-10-24 02:40:41",39
"2019-10-24 03:40:43",39
"2019-10-24 04:40:40",39
"2019-10-24 05:40:42",39
"2019-10-24 06:40:45",39
"2019-10-24 07:40:40",39
"2019-10-24 08:40:41",39
"2019-10-24 09:40:43",39
"2019-10-24 10:40:40",39
"2019-10-24 11:40:40",39
"2019-10-24 13:04:14",39
"2019-10-24 13:40:40",39
"2019-10-24 14:40:39",39
"2019-10-24 15:40:42",39
"2019-10-24 16:40:40",39
"2019-10-24 17:40:40",39
"2019-10-24 18:40:41",39
"2019-10-24 19:40:42",39
"2019-10-24 20:40:40",39
"2019-10-24 21:40:40",39
"2019-10-24 22:40:40",39
"2019-10-24 23:40:40",39
"2019-10-25 00:40:41",39
"2019-10-25 01:40:40",39
"2019-10-25 02:40:42",39
"2019-10-25 03:40:40",39
"2019-10-25 04:40:39",39
"2019-10-25 05:40:42",39
"2019-10-25 06:40:42",39
"2019-10-25 07:40:41",39
"2019-10-25 08:40:42",39
"2019-10-25 09:40:40",39
"2019-10-25 10:40:40",39
"2019-10-25 11:40:44",39
"2019-10-25 13:04:13",39
"2019-10-25 13:40:41",39
"2019-10-25 14:40:43",39
"2019-10-25 15:40:40",39
"2019-10-25 16:40:44",39
"2019-10-25 17:40:41",39
"2019-10-25 18:40:40",40
"2019-10-25 19:40:40",39
"2019-10-25 20:40:40",39
"2019-10-25 21:40:40",39
"2019-10-25 22:40:41",39
"2019-10-25 23:40:40",39
"2019-10-26 00:40:40",39
"2019-10-26 01:40:42",39
"2019-10-26 02:40:41",39
"2019-10-26 03:40:42",39
"2019-10-26 04:40:43",39
"2019-10-26 05:40:40",39
"2019-10-26 06:40:39",39
"2019-10-26 07:40:42",39
"2019-10-26 08:40:40",39
"2019-10-26 09:40:40",39
"2019-10-26 10:40:40",39
"2019-10-26 11:40:42",39
"2019-10-26 12:40:41",39
"2019-10-26 13:40:40",39
"2019-10-26 14:40:42",39
"2019-10-26 15:40:42",39
"2019-10-26 16:40:41",39
"2019-10-26 17:40:41",39
"2019-10-26 18:40:41",39
"2019-10-26 19:40:41",39
"2019-10-26 20:40:41",39
"2019-10-26 21:40:42",39
"2019-10-26 22:40:41",39
"2019-10-26 23:40:41",39
"2019-10-27 00:40:42",39
"2019-10-27 01:40:41",39
"2019-10-27 02:40:41",39
"2019-10-27 03:40:41",39
"2019-10-27 04:40:40",39
"2019-10-27 05:40:43",39
"2019-10-27 06:40:41",39
"2019-10-27 07:40:40",39
"2019-10-27 08:40:41",39
"2019-10-27 09:40:40",39
"2019-10-27 10:40:39",39
"2019-10-27 11:40:40",39
"2019-10-27 12:40:41",39
"2019-10-27 13:40:41",39
"2019-10-27 14:40:40",39
"2019-10-27 15:40:44",39
"2019-10-27 16:40:40",39
"2019-10-27 17:40:41",39
"2019-10-27 18:40:41",39
"2019-10-27 19:40:42",39
"2019-10-27 20:40:43",39
"2019-10-27 21:40:40",39
"2019-10-27 22:40:40",39
"2019-10-27 23:40:40",39
"2019-10-28 00:40:40",39
"2019-10-28 01:40:41",39
"2019-10-28 02:40:40",39
"2019-10-28 03:40:43",39
"2019-10-28 04:40:40",39
"2019-10-28 05:40:40",39
"2019-10-28 06:40:41",39
"2019-10-28 07:40:41",39
"2019-10-28 08:40:40",39
"2019-10-28 09:40:40",39
"2019-10-28 10:40:42",39
"2019-10-28 11:40:39",39
"2019-10-28 12:40:43",39
"2019-10-28 14:40:43",39
"2019-10-28 15:40:46",39
"2019-10-28 16:40:44",39
"2019-10-28 17:40:42",39
"2019-10-28 18:40:42",39
"2019-10-28 19:40:42",39
"2019-10-28 23:40:41",39
"2019-10-29 00:40:41",39
"2019-10-29 01:40:43",39
"2019-10-29 02:40:41",39
"2019-10-29 03:40:43",39
"2019-10-29 04:40:41",39
"2019-10-29 05:40:43",39
"2019-10-29 06:40:42",39
"2019-10-29 07:40:41",39
"2019-10-29 08:40:41",39
"2019-10-29 09:40:40",39
"2019-10-29 10:40:43",39
"2019-10-29 11:40:40",39
"2019-10-29 12:40:41",39
"2019-10-29 13:40:45",39
"2019-10-29 14:40:41",39
"2019-10-29 15:40:43",39
"2019-10-29 16:40:42",39
"2019-10-29 17:40:40",39
"2019-10-29 18:40:42",39
"2019-10-29 19:40:43",39
"2019-10-29 20:40:41",39
"2019-10-29 21:40:41",39
"2019-10-29 22:40:41",39
"2019-10-29 23:40:41",39
"2019-10-30 00:40:44",39
"2019-10-30 01:40:42",39
"2019-10-30 02:40:41",39
"2019-10-30 03:40:42",39
"2019-10-30 04:40:42",39
"2019-10-30 05:40:44",39
"2019-10-30 06:40:41",39
"2019-10-30 07:40:46",39
"2019-10-30 08:40:42",39
"2019-10-30 09:40:42",39
"2019-10-30 10:40:42",39
"2019-10-30 11:40:40",39
"2019-10-30 13:04:44",39
"2019-10-30 13:40:43",39
"2019-10-30 14:40:41",39
"2019-10-30 15:40:41",39
"2019-10-30 16:40:42",39
"2019-10-30 17:40:42",39
"2019-10-30 18:40:42",39
"2019-10-30 19:40:42",39
"2019-10-30 20:40:41",39
"2019-10-30 21:40:42",39
"2019-10-30 22:40:42",39
"2019-10-30 23:40:42",39
"2019-10-31 00:40:41",39
"2019-10-31 01:40:42",39
"2019-10-31 02:40:42",39
"2019-10-31 03:40:43",39
"2019-10-31 04:40:41",39
"2019-10-31 05:40:42",39
"2019-10-31 06:40:43",39
"2019-10-31 07:40:42",39
"2019-10-31 08:40:42",39
"2019-10-31 09:40:44",39
"2019-10-31 10:40:42",39
"2019-10-31 11:40:42",39
"2019-10-31 13:05:46",39
"2019-10-31 13:40:43",39
"2019-10-31 14:40:43",39
"2019-10-31 15:40:43",40
"2019-10-31 16:40:43",40
"2019-10-31 17:40:43",39
"2019-10-31 18:40:42",39
"2019-10-31 19:40:42",39
"2019-10-31 20:40:44",39
"2019-10-31 22:03:45",39
"2019-10-31 22:40:45",39
"2019-10-31 23:40:42",39
"2019-11-01 00:40:42",39
"2019-11-01 01:40:42",39
"2019-11-01 02:40:42",39
"2019-11-01 03:40:43",39
"2019-11-01 04:40:41",39
"2019-11-01 05:40:44",39
"2019-11-01 06:40:42",39
"2019-11-01 07:40:44",39
"2019-11-01 08:40:43",39
"2019-11-01 09:40:43",39
"2019-11-01 10:40:43",39
"2019-11-01 11:40:45",39
"2019-11-01 13:36:49",39
"2019-11-01 13:46:09",39
"2019-11-01 14:40:42",38
"2019-11-01 15:40:42",38
"2019-11-01 16:40:45",38
"2019-11-01 17:40:43",38
"2019-11-01 18:40:46",38
"2019-11-01 19:40:42",38
"2019-11-01 20:40:42",38
"2019-11-01 21:40:42",38
"2019-11-01 22:40:42",38
"2019-11-01 23:40:42",38
"2019-11-02 00:40:43",38
"2019-11-02 01:40:42",38
"2019-11-02 02:40:42",38
"2019-11-02 03:40:44",38
"2019-11-02 04:40:42",38
"2019-11-02 05:40:41",38
"2019-11-02 06:40:44",38
"2019-11-02 07:40:42",38
"2019-11-02 08:40:42",38
"2019-11-02 09:40:41",38
"2019-11-02 10:40:44",38
"2019-11-02 11:40:42",38
"2019-11-02 12:40:44",38
"2019-11-02 13:40:43",38
"2019-11-02 14:40:42",38
"2019-11-02 15:40:44",38
"2019-11-02 16:40:42",38
"2019-11-02 17:40:42",38
"2019-11-02 18:40:42",38
"2019-11-02 19:40:42",38
"2019-11-02 20:40:42",38
"2019-11-02 21:40:43",38
"2019-11-02 22:40:44",38
"2019-11-02 23:40:42",38
"2019-11-03 00:40:42",38
"2019-11-03 01:40:42",38
"2019-11-03 02:40:43",38
"2019-11-03 03:40:42",38
"2019-11-03 04:40:41",38
"2019-11-03 05:40:43",38
"2019-11-03 06:40:42",38
"2019-11-03 07:40:43",38
"2019-11-03 21:40:43",38
"2019-11-03 22:40:41",38
"2019-11-03 23:40:43",38
"2019-11-04 00:40:41",38
"2019-11-04 01:40:42",38
"2019-11-04 02:40:41",38
"2019-11-04 03:40:41",38
"2019-11-04 04:40:41",38
"2019-11-04 05:40:43",38
"2019-11-04 06:40:41",38
"2019-11-04 07:40:41",38
"2019-11-04 08:40:41",38
"2019-11-04 09:40:42",38
"2019-11-04 10:40:41",38
"2019-11-04 11:40:41",38
"2019-11-04 12:40:41",38
"2019-11-04 14:06:15",38
"2019-11-04 15:40:41",38
"2019-11-04 16:40:42",38
"2019-11-04 17:40:42",39
"2019-11-04 18:40:42",39
"2019-11-04 19:40:43",39
"2019-11-04 20:40:42",39
"2019-11-04 21:40:42",39
"2019-11-04 22:40:43",39
"2019-11-04 23:40:43",40
"2019-11-05 00:40:43",40
"2019-11-05 01:40:43",40
"2019-11-05 02:40:44",40
"2019-11-05 03:40:44",40
"2019-11-05 04:40:42",40
"2019-11-05 05:40:42",40
"2019-11-05 06:40:43",40
"2019-11-05 07:40:42",40
"2019-11-05 08:40:42",40
"2019-11-05 09:40:43",40
"2019-11-05 10:40:41",40
"2019-11-05 11:40:42",40
"2019-11-05 12:40:41",40
"2019-11-05 14:06:16",40
"2019-11-05 14:40:45",40
"2019-11-05 15:40:43",40
"2019-11-05 16:40:43",41
"2019-11-05 17:40:43",41
"2019-11-05 18:40:43",41
"2019-11-05 19:40:44",41
"2019-11-05 20:40:43",41
"2019-11-05 21:40:43",41
"2019-11-05 22:40:43",41
"2019-11-05 23:40:43",41
"2019-11-06 00:40:43",41
"2019-11-06 01:40:43",41
"2019-11-06 02:40:44",41
"2019-11-06 03:40:43",41
"2019-11-06 04:40:45",41
"2019-11-06 05:40:44",41
"2019-11-06 06:40:45",41
"2019-11-06 07:40:42",41
"2019-11-06 08:40:42",41
"2019-11-06 09:40:44",41
"2019-11-06 10:40:44",41
"2019-11-06 11:40:43",41
"2019-11-06 12:40:43",41
"2019-11-06 13:40:43",41
"2019-11-06 14:40:45",41
"2019-11-06 15:40:43",41
"2019-11-06 16:40:44",40
"2019-11-06 17:40:44",40
"2019-11-06 18:40:44",40
"2019-11-06 19:40:43",40
"2019-11-06 20:40:44",41
"2019-11-06 21:40:44",41
"2019-11-06 22:40:43",41
"2019-11-06 23:40:44",41
"2019-11-07 00:40:44",41
"2019-11-07 01:40:43",41
"2019-11-07 02:40:44",41
"2019-11-07 03:40:43",41
"2019-11-07 04:40:44",41
"2019-11-07 05:40:44",41
"2019-11-07 06:40:43",41
"2019-11-07 07:40:44",41
"2019-11-07 08:40:44",41
"2019-11-07 09:40:44",41
"2019-11-07 10:40:42",41
"2019-11-07 11:40:43",41
"2019-11-07 12:40:43",41
"2019-11-07 14:04:45",41
"2019-11-07 14:41:14",41
"2019-11-07 15:40:45",41
"2019-11-07 16:40:45",41
"2019-11-07 17:40:44",40
"2019-11-07 18:40:44",40
"2019-11-07 19:40:45",40
"2019-11-07 21:05:17",40
"2019-11-07 21:40:44",40
"2019-11-07 22:40:44",40
"2019-11-07 23:40:44",40
"2019-11-08 00:40:46",40
"2019-11-08 01:40:45",40
"2019-11-08 02:40:46",40
"2019-11-08 03:40:44",40
"2019-11-08 04:40:43",40
"2019-11-08 05:40:45",40
"2019-11-08 06:40:43",40
"2019-11-08 07:40:44",40
"2019-11-08 08:40:48",40
"2019-11-08 09:40:44",40
"2019-11-08 10:40:44",40
"2019-11-08 11:40:43",40
"2019-11-08 12:40:44",40
"2019-11-08 14:06:19",40
"2019-11-08 14:41:19",40
"2019-11-08 15:40:45",40
"2019-11-08 16:40:45",40
"2019-11-08 17:40:46",41
"2019-11-08 18:40:45",41
"2019-11-08 19:40:46",41
"2019-11-08 20:40:45",41
"2019-11-08 21:40:46",41
"2019-11-08 22:40:45",41
"2019-11-08 23:40:45",41
"2019-11-09 00:40:46",41
"2019-11-09 01:40:47",41
"2019-11-09 02:40:45",41
"2019-11-09 03:40:45",41
"2019-11-09 04:40:46",41
"2019-11-09 05:40:44",41
"2019-11-09 06:40:46",41
"2019-11-09 07:40:46",41
"2019-11-09 08:40:47",41
"2019-11-09 09:40:45",41
"2019-11-09 10:40:45",41
"2019-11-09 11:40:47",41
"2019-11-09 12:40:44",41
"2019-11-09 13:40:45",41
"2019-11-09 14:40:46",41
"2019-11-09 15:40:46",41
"2019-11-09 16:40:45",41
"2019-11-09 17:40:45",41
"2019-11-09 18:40:44",41
"2019-11-09 19:40:45",41
"2019-11-09 20:40:46",41
"2019-11-09 21:40:45",41
"2019-11-09 22:40:46",41
"2019-11-09 23:40:45",41
"2019-11-10 00:40:44",41
"2019-11-10 01:40:46",41
"2019-11-10 02:40:46",41
"2019-11-10 03:40:44",41
"2019-11-10 04:40:44",41
"2019-11-10 05:40:45",41
"2019-11-10 06:40:44",41
"2019-11-10 07:40:44",41
"2019-11-10 08:40:45",41
"2019-11-10 09:40:46",41
"2019-11-10 10:40:44",41
"2019-11-10 11:40:45",41
"2019-11-10 12:40:45",41
"2019-11-10 13:40:45",41
"2019-11-10 14:40:44",41
"2019-11-10 15:40:45",41
"2019-11-10 16:40:45",41
"2019-11-10 17:40:44",41
"2019-11-10 18:40:46",41
"2019-11-10 19:40:44",41
"2019-11-10 20:40:45",41
"2019-11-10 21:40:44",41
"2019-11-10 22:40:46",41
"2019-11-10 23:40:46",41
"2019-11-11 00:40:46",41
"2019-11-11 01:40:46",41
"2019-11-11 02:40:46",41
"2019-11-11 03:40:46",41
"2019-11-11 04:40:45",41
"2019-11-11 05:40:46",41
"2019-11-11 06:40:45",41
"2019-11-11 07:40:47",41
"2019-11-11 08:40:47",41
"2019-11-11 09:40:46",41
"2019-11-11 10:40:46",41
"2019-11-11 11:40:45",41
"2019-11-11 12:40:46",41
"2019-11-11 13:40:46",41
"2019-11-11 14:40:46",41
"2019-11-11 15:40:48",40
"2019-11-11 16:40:45",39
"2019-11-11 17:40:47",39
"2019-11-11 18:40:47",39
"2019-11-11 19:40:46",39
"2019-11-11 21:40:46",39
"2019-11-11 22:40:46",39
"2019-11-11 23:40:45",39
"2019-11-12 00:40:44",39
"2019-11-12 01:40:44",39
"2019-11-12 02:40:46",39
"2019-11-12 03:40:45",39
"2019-11-12 04:40:45",39
"2019-11-12 05:40:46",39
"2019-11-12 06:40:44",39
"2019-11-12 07:40:46",39
"2019-11-12 08:40:44",39
"2019-11-12 09:40:45",39
"2019-11-12 10:40:44",39
"2019-11-12 11:40:46",39
"2019-11-12 12:40:48",39
"2019-11-12 14:04:48",39
"2019-11-12 14:40:46",39
"2019-11-12 15:40:45",39
"2019-11-12 16:40:47",38
"2019-11-12 17:40:46",38
"2019-11-12 18:40:47",38
"2019-11-12 19:40:45",38
"2019-11-12 20:40:44",38
"2019-11-12 21:40:45",38
"2019-11-12 22:40:46",38
"2019-11-12 23:40:45",38
"2019-11-13 00:40:47",38
"2019-11-13 01:40:45",38
"2019-11-13 02:40:45",38
"2019-11-13 03:40:48",38
"2019-11-13 04:40:46",38
"2019-11-13 05:40:49",38
"2019-11-13 06:40:45",38
"2019-11-13 07:40:48",38
"2019-11-13 08:40:46",38
"2019-11-13 09:40:46",38
"2019-11-13 10:40:45",38
"2019-11-13 11:40:47",38
"2019-11-13 12:40:45",38
"2019-11-13 13:40:45",38
"2019-11-13 15:40:47",38
"2019-11-13 16:40:44",38
"2019-11-13 17:40:47",38
"2019-11-13 18:40:47",39
"2019-11-13 19:40:45",38
"2019-11-13 20:40:46",38
"2019-11-13 21:40:44",38
"2019-11-13 22:40:46",38
"2019-11-13 23:40:45",38
"2019-11-14 00:40:45",38
"2019-11-14 01:40:44",38
"2019-11-14 02:40:47",38
"2019-11-14 03:40:44",38
"2019-11-14 04:40:45",38
"2019-11-14 05:40:47",38
"2019-11-14 06:40:44",38
"2019-11-14 07:40:47",38
"2019-11-14 08:40:46",38
"2019-11-14 09:40:46",38
"2019-11-14 10:40:45",38
"2019-11-14 11:40:47",38
"2019-11-14 12:40:44",38
"2019-11-14 14:04:20",38
"2019-11-14 14:40:46",38
"2019-11-14 15:40:46",37
"2019-11-14 17:40:45",36
"2019-11-14 18:40:44",36
"2019-11-14 19:40:44",36
"2019-11-14 20:40:46",36
"2019-11-14 21:40:48",37
"2019-11-14 22:40:44",37
"2019-11-14 23:40:45",37
"2019-11-15 00:40:46",37
"2019-11-15 01:40:45",37
"2019-11-15 02:40:45",37
"2019-11-15 03:40:46",37
"2019-11-15 04:40:46",37
"2019-11-15 05:40:45",37
"2019-11-15 06:40:46",37
"2019-11-15 07:40:44",37
"2019-11-15 08:40:50",37
"2019-11-15 09:40:44",37
"2019-11-15 10:40:45",37
"2019-11-15 11:40:45",37
"2019-11-15 12:40:47",37
"2019-11-15 14:07:18",37
"2019-11-15 15:40:47",39
"2019-11-15 16:40:45",40
"2019-11-15 17:40:46",40
"2019-11-15 18:40:49",40
"2019-11-15 19:40:46",40
"2019-11-15 20:40:46",40
"2019-11-15 21:40:44",40
"2019-11-15 22:40:47",40
"2019-11-15 23:40:46",40
"2019-11-16 00:40:46",40
"2019-11-16 01:40:44",40
"2019-11-16 02:40:46",40
"2019-11-16 03:40:45",40
"2019-11-16 04:40:47",40
"2019-11-16 05:40:45",40
"2019-11-16 06:40:46",40
"2019-11-16 07:40:46",40
"2019-11-16 08:40:45",40
"2019-11-16 09:40:46",40
"2019-11-16 10:40:44",40
"2019-11-16 11:40:45",40
"2019-11-16 12:40:46",40
"2019-11-16 13:40:47",40
"2019-11-16 14:40:46",40
"2019-11-16 15:40:45",40
"2019-11-16 16:40:46",40
"2019-11-16 17:40:47",40
"2019-11-16 18:40:45",40
"2019-11-16 19:40:44",40
"2019-11-16 20:40:44",40
"2019-11-16 21:40:45",40
"2019-11-16 22:40:45",40
"2019-11-16 23:40:44",40
"2019-11-17 00:40:45",40
"2019-11-17 01:40:44",40
"2019-11-17 02:40:46",40
"2019-11-17 03:40:44",40
"2019-11-17 04:40:46",40
"2019-11-17 05:40:45",40
"2019-11-17 06:40:47",40
"2019-11-17 07:40:46",40
"2019-11-17 08:40:45",40
"2019-11-17 09:40:46",40
"2019-11-17 10:40:47",40
"2019-11-17 11:40:48",40
"2019-11-17 12:40:45",40
"2019-11-17 13:40:47",40
"2019-11-17 14:40:44",40
"2019-11-17 15:40:44",40
"2019-11-17 16:40:46",40
"2019-11-17 17:40:44",40
"2019-11-17 18:40:44",40
"2019-11-17 19:40:45",40
"2019-11-17 20:40:47",40
"2019-11-17 21:40:47",40
"2019-11-17 22:40:45",40
"2019-11-17 23:40:47",40
"2019-11-18 00:40:44",40
"2019-11-18 01:40:44",40
"2019-11-18 02:40:46",40
"2019-11-18 03:40:45",40
"2019-11-18 04:40:44",40
"2019-11-18 05:40:47",40
"2019-11-18 06:40:43",40
"2019-11-18 07:40:45",40
"2019-11-18 08:40:47",40
"2019-11-18 09:40:47",40
"2019-11-18 10:40:46",40
"2019-11-18 11:40:44",40
"2019-11-18 12:40:46",40
"2019-11-18 14:05:50",40
"2019-11-18 14:40:46",40
"2019-11-18 15:40:48",39
"2019-11-18 16:40:46",39
"2019-11-18 17:40:48",40
"2019-11-18 18:40:48",40
"2019-11-18 19:40:47",40
"2019-11-18 20:40:47",40
"2019-11-18 21:40:47",40
"2019-11-18 22:40:45",40
"2019-11-18 23:40:48",40
"2019-11-19 00:40:47",40
"2019-11-19 01:40:46",40
"2019-11-19 02:40:46",40
"2019-11-19 03:40:46",40
"2019-11-19 04:40:46",40
"2019-11-19 05:40:45",40
"2019-11-19 06:40:47",40
"2019-11-19 07:40:46",40
"2019-11-19 08:40:46",40
"2019-11-19 09:40:47",40
"2019-11-19 10:40:47",40
"2019-11-19 11:40:46",40
"2019-11-19 12:40:47",40
"2019-11-19 14:05:51",40
"2019-11-19 14:40:46",40
"2019-11-19 15:40:47",40
"2019-11-19 16:40:46",40
"2019-11-19 17:40:46",39
"2019-11-19 18:40:45",39
"2019-11-19 19:40:47",39
"2019-11-19 20:40:47",39
"2019-11-19 21:40:50",40
"2019-11-19 22:40:48",40
"2019-11-19 23:40:47",40
"2019-11-20 00:40:47",40
"2019-11-20 01:40:47",40
"2019-11-20 02:40:48",40
"2019-11-20 03:40:48",40
"2019-11-20 04:40:46",40
"2019-11-20 05:40:47",40
"2019-11-20 06:40:47",40
"2019-11-20 07:40:47",40
"2019-11-20 08:40:47",40
"2019-11-20 09:40:50",40
"2019-11-20 10:40:51",40
"2019-11-20 11:40:50",40
"2019-11-20 12:40:48",40
"2019-11-20 14:05:21",40
"2019-11-20 14:40:50",40
"2019-11-20 15:40:48",41
"2019-11-20 16:40:49",41
"2019-11-20 22:40:47",41
"2019-11-20 23:40:46",41
"2019-11-21 00:40:46",41
"2019-11-21 01:40:46",41
"2019-11-21 02:40:49",41
"2019-11-21 03:40:47",41
"2019-11-21 04:40:46",41
"2019-11-21 05:40:48",41
"2019-11-21 06:40:50",41
"2019-11-21 07:40:45",41
"2019-11-21 08:40:46",41
"2019-11-21 09:40:47",41
"2019-11-21 10:40:48",41
"2019-11-21 11:40:45",41
"2019-11-21 12:40:46",41
"2019-11-21 14:04:50",41
"2019-11-21 14:40:50",41
"2019-11-21 15:40:46",41
"2019-11-21 16:40:47",41
"2019-11-21 17:40:48",41
"2019-11-21 18:40:45",41
"2019-11-21 19:40:45",42
"2019-11-21 20:40:45",42
"2019-11-21 21:40:46",42
"2019-11-21 22:40:47",42
"2019-11-21 23:40:47",42
"2019-11-22 00:40:47",42
"2019-11-22 01:40:49",42
"2019-11-22 02:40:46",42
"2019-11-22 03:40:46",42
"2019-11-22 04:40:45",42
"2019-11-22 05:40:48",42
"2019-11-22 06:40:48",42
"2019-11-22 07:40:49",42
"2019-11-22 08:40:49",42
"2019-11-22 09:40:48",42
"2019-11-22 10:40:49",42
"2019-11-22 11:40:47",42
"2019-11-22 12:40:47",42
"2019-11-22 13:40:46",42
"2019-11-22 14:40:48",42
"2019-11-22 15:40:44",42
"2019-11-22 16:40:45",42
"2019-11-22 17:40:50",43
"2019-11-22 18:40:49",44
"2019-11-22 19:40:45",44
"2019-11-22 20:40:47",44
"2019-11-22 21:40:46",44
"2019-11-22 22:40:45",44
"2019-11-22 23:40:48",44
"2019-11-23 00:40:52",44
"2019-11-23 01:40:46",44
"2019-11-23 02:40:46",44
"2019-11-23 03:40:46",44
"2019-11-23 04:40:49",44
"2019-11-23 05:40:46",44
"2019-11-23 06:40:47",44
"2019-11-23 07:40:47",44
"2019-11-23 08:40:47",44
"2019-11-23 09:40:48",44
"2019-11-23 10:40:49",44
"2019-11-23 11:40:45",44
"2019-11-23 12:40:45",44
"2019-11-23 13:40:45",44
"2019-11-23 14:40:46",44
"2019-11-23 15:40:46",44
"2019-11-23 16:40:46",44
"2019-11-23 17:40:47",44
"2019-11-23 18:40:47",44
"2019-11-23 19:40:47",44
"2019-11-23 20:40:44",44
"2019-11-23 21:40:46",44
"2019-11-23 22:40:45",44
"2019-11-23 23:40:45",44
"2019-11-24 00:40:47",44
"2019-11-24 01:40:45",44
"2019-11-24 02:40:46",44
"2019-11-24 03:40:46",44
"2019-11-24 04:40:45",44
"2019-11-24 05:40:45",44
"2019-11-24 06:40:46",44
"2019-11-24 07:40:44",44
"2019-11-24 08:40:46",44
"2019-11-24 09:40:47",44
"2019-11-24 10:40:48",44
"2019-11-24 11:40:46",44
"2019-11-24 12:40:44",44
"2019-11-24 13:40:45",44
"2019-11-24 14:40:46",44
"2019-11-24 15:40:46",44
"2019-11-24 16:40:46",44
"2019-11-24 17:40:45",44
"2019-11-24 18:40:47",44
"2019-11-24 19:40:45",44
"2019-11-24 20:40:48",44
"2019-11-24 21:40:45",44
"2019-11-24 22:40:47",44
"2019-11-24 23:40:46",44
"2019-11-25 00:40:46",44
"2019-11-25 01:40:48",44
"2019-11-25 02:40:47",44
"2019-11-25 03:40:46",44
"2019-11-25 04:40:45",44
"2019-11-25 05:40:46",44
"2019-11-25 06:40:46",44
"2019-11-25 07:40:47",44
"2019-11-25 08:40:50",44
"2019-11-25 09:40:49",44
"2019-11-25 10:40:50",44
"2019-11-25 11:40:48",44
"2019-11-25 12:40:49",44
"2019-11-25 13:40:46",44
"2019-11-25 14:40:46",44
"2019-11-25 15:40:48",46
"2019-11-25 16:40:46",46
"2019-11-25 17:40:46",46
"2019-11-25 18:40:45",46
"2019-11-25 19:40:48",46
"2019-11-25 20:40:47",46
"2019-11-25 21:40:46",46
"2019-11-25 22:40:49",46
"2019-11-25 23:40:47",46
"2019-11-26 00:40:48",46
"2019-11-26 01:40:47",46
"2019-11-26 02:40:47",46
"2019-11-26 03:40:47",46
"2019-11-26 04:40:46",46
"2019-11-26 05:40:49",46
"2019-11-26 06:40:50",46
"2019-11-26 07:40:47",46
"2019-11-26 08:40:47",46
"2019-11-26 09:40:51",46
"2019-11-26 20:40:47",45
"2019-11-26 21:40:47",45
"2019-11-26 22:40:49",45
"2019-11-26 23:40:46",45
"2019-11-27 00:40:49",45
"2019-11-27 01:40:47",45
"2019-11-27 02:40:46",45
"2019-11-27 03:40:47",45
"2019-11-27 04:40:46",45
"2019-11-27 05:40:46",45
"2019-11-27 06:40:47",45
"2019-11-27 07:40:47",45
"2019-11-27 08:40:51",45
"2019-11-27 09:40:49",45
"2019-11-27 10:40:46",45
"2019-11-27 11:40:44",45
"2019-11-27 12:40:52",45
"2019-11-27 13:40:47",45
"2019-11-27 14:40:47",45
"2019-11-27 15:40:50",45
"2019-11-27 16:40:47",45
"2019-11-27 17:40:46",45
"2019-11-27 18:40:47",45
"2019-11-27 19:40:47",45
"2019-11-27 20:40:47",45
"2019-11-27 21:40:46",45
"2019-11-27 22:40:47",45
"2019-11-27 23:40:46",45
"2019-11-28 00:40:46",45
"2019-11-28 01:40:48",45
"2019-11-28 02:40:50",45
"2019-11-28 03:40:49",45
"2019-11-28 04:40:48",45
"2019-11-28 05:40:47",45
"2019-11-28 06:40:47",45
"2019-11-28 07:40:49",45
"2019-11-28 08:40:46",45
"2019-11-28 09:40:50",45
"2019-11-28 10:40:48",45
"2019-11-28 11:40:47",45
"2019-11-28 12:40:46",45
"2019-11-28 13:40:45",45
"2019-11-28 14:40:47",45
"2019-11-28 15:40:47",45
"2019-11-28 16:40:47",45
"2019-11-28 17:40:48",45
"2019-11-28 18:40:47",45
"2019-11-28 19:40:47",45
"2019-11-28 20:40:46",45
"2019-11-28 21:40:47",45
"2019-11-28 22:40:46",45
"2019-11-28 23:40:47",45
"2019-11-29 00:40:47",45
"2019-11-29 01:40:47",45
"2019-11-29 02:40:46",45
"2019-11-29 03:40:45",45
"2019-11-29 04:40:47",45
"2019-11-29 05:40:47",45
"2019-11-29 06:40:47",45
"2019-11-29 07:40:48",45
"2019-11-29 08:40:52",45
"2019-11-29 09:40:54",45
"2019-11-29 10:40:57",45
"2019-11-29 11:40:48",45
"2019-11-29 12:40:47",45
"2019-11-29 13:40:51",45
"2019-11-29 14:40:52",45
"2019-11-29 15:40:50",45
"2019-11-29 16:40:51",45
"2019-11-29 17:40:50",45
"2019-11-29 18:40:50",45
"2019-11-29 19:40:50",45
"2019-11-29 20:40:50",45
"2019-11-29 21:40:47",45
"2019-11-29 22:40:51",45
"2019-11-29 23:40:49",45
"2019-11-30 00:40:48",45
"2019-11-30 01:40:47",45
"2019-11-30 02:40:48",45
"2019-11-30 03:40:49",45
"2019-11-30 04:40:48",45
"2019-11-30 05:40:50",45
"2019-11-30 06:40:49",45
"2019-11-30 07:40:50",45
"2019-11-30 08:40:49",45
"2019-11-30 21:40:48",45
"2019-11-30 22:40:50",45
"2019-11-30 23:40:48",45
"2019-12-01 00:40:47",45
"2019-12-01 01:40:46",45
"2019-12-01 02:40:49",45
"2019-12-01 22:40:52",45
"2019-12-01 23:40:47",45
"2019-12-02 00:40:46",45
"2019-12-02 01:40:48",45
"2019-12-02 02:40:47",45
"2019-12-02 06:12:26",45
"2019-12-02 06:41:03",45
"2019-12-02 07:41:07",45
"2019-12-02 08:41:03",45
"2019-12-02 09:41:03",45
"2019-12-02 10:41:03",45
"2019-12-02 11:41:03",45
"2019-12-02 12:41:02",45
"2019-12-02 14:05:22",45
"2019-12-02 14:41:05",45
"2019-12-02 15:41:07",45
"2019-12-02 16:41:05",45
"2019-12-02 17:41:07",45
"2019-12-02 18:41:08",45
"2019-12-02 19:41:11",44
"2019-12-02 20:41:07",44
"2019-12-02 21:41:08",44
"2019-12-02 22:41:08",44
"2019-12-02 23:41:07",44
"2019-12-03 00:41:06",44
"2019-12-03 01:41:07",44
"2019-12-03 02:41:09",44
"2019-12-03 03:41:06",44
"2019-12-03 04:41:07",44
"2019-12-03 05:41:08",44
"2019-12-03 06:41:04",44
"2019-12-03 07:41:05",44
"2019-12-03 08:41:03",44
"2019-12-03 09:41:06",44
"2019-12-03 10:41:09",44
"2019-12-03 11:41:06",44
"2019-12-03 12:41:04",44
"2019-12-03 13:41:03",44
"2019-12-03 14:41:07",44
"2019-12-03 15:41:03",42
"2019-12-03 16:41:08",42
"2019-12-03 17:41:06",42
"2019-12-03 18:41:06",42
"2019-12-03 19:41:07",42
"2019-12-03 20:41:07",42
"2019-12-03 21:41:09",42
"2019-12-03 22:41:06",42
"2019-12-03 23:41:06",42
"2019-12-04 00:41:11",42
"2019-12-04 01:41:13",42
"2019-12-04 02:41:11",42
"2019-12-04 03:41:08",42
"2019-12-04 04:41:08",42
"2019-12-04 05:41:08",42
"2019-12-04 06:41:06",42
"2019-12-04 07:41:08",42
"2019-12-04 08:41:06",42
"2019-12-04 09:41:04",42
"2019-12-04 10:41:05",42
"2019-12-04 11:41:05",42
"2019-12-04 12:41:05",42
"2019-12-04 14:04:52",42
"2019-12-04 14:41:09",42
"2019-12-04 15:41:12",42
"2019-12-04 16:41:08",42
"2019-12-04 17:41:07",43
"2019-12-04 18:41:08",43
"2019-12-04 19:41:08",43
"2019-12-04 20:41:07",43
"2019-12-04 21:41:06",43
"2019-12-04 22:41:06",43
"2019-12-04 23:41:07",43
"2019-12-05 00:41:07",43
"2019-12-05 01:41:08",43
"2019-12-05 02:41:07",43
"2019-12-05 03:41:07",43
"2019-12-05 04:41:07",43
"2019-12-05 05:41:06",43
"2019-12-05 06:41:10",43
"2019-12-05 07:41:05",43
"2019-12-05 08:41:07",43
"2019-12-05 09:41:03",43
"2019-12-05 10:41:03",43
"2019-12-05 11:41:04",43
"2019-12-05 12:41:04",43
"2019-12-05 13:41:09",43
"2019-12-05 14:41:06",43
"2019-12-05 15:41:08",43
"2019-12-05 16:41:07",43
"2019-12-05 17:41:08",42
"2019-12-05 18:41:07",42
"2019-12-05 20:05:22",42
"2019-12-05 20:41:11",42
"2019-12-05 21:41:07",42
"2019-12-05 22:41:07",42
"2019-12-05 23:41:08",42
"2019-12-06 00:41:07",42
"2019-12-06 01:41:07",42
"2019-12-06 02:41:08",42
"2019-12-06 03:41:07",42
"2019-12-06 04:41:07",42
"2019-12-06 05:41:10",42
"2019-12-06 06:41:06",42
"2019-12-06 07:41:07",42
"2019-12-06 08:41:08",42
"2019-12-06 09:41:06",42
"2019-12-06 10:41:07",42
"2019-12-06 11:41:07",42
"2019-12-06 12:41:04",42
"2019-12-06 13:41:15",42
"2019-12-06 14:41:09",42
"2019-12-06 15:41:11",42
"2019-12-06 16:41:08",42
"2019-12-06 17:41:06",42
"2019-12-06 18:41:07",42
"2019-12-06 19:41:07",42
"2019-12-06 20:41:06",42
"2019-12-06 21:41:03",42
"2019-12-06 22:41:03",42
"2019-12-06 23:41:06",42
"2019-12-07 00:41:04",42
"2019-12-07 01:41:07",42
"2019-12-07 02:41:08",42
"2019-12-07 03:41:06",42
"2019-12-07 04:41:08",42
"2019-12-07 05:41:10",42
"2019-12-07 06:41:06",42
"2019-12-07 07:41:04",42
"2019-12-07 08:41:05",42
"2019-12-07 09:41:03",42
"2019-12-07 10:41:04",42
"2019-12-07 11:41:03",42
"2019-12-07 12:41:06",42
"2019-12-07 13:41:14",42
"2019-12-07 14:41:06",42
"2019-12-07 15:41:08",42
"2019-12-07 16:41:07",42
"2019-12-07 17:41:08",42
"2019-12-07 18:41:07",42
"2019-12-07 19:41:04",42
"2019-12-07 20:41:07",42
"2019-12-07 21:41:07",42
"2019-12-07 22:41:04",42
"2019-12-07 23:41:04",42
"2019-12-08 00:41:08",42
"2019-12-08 01:41:05",42
"2019-12-08 02:41:07",42
"2019-12-08 03:41:07",42
"2019-12-08 04:41:06",42
"2019-12-08 05:41:09",42
"2019-12-08 06:41:07",42
"2019-12-08 07:41:07",42
"2019-12-08 08:41:07",42
"2019-12-08 09:41:07",42
"2019-12-08 10:41:07",42
"2019-12-08 11:41:03",42
"2019-12-08 12:41:03",42
"2019-12-08 13:41:07",42
"2019-12-08 14:41:04",42
"2019-12-08 15:41:06",42
"2019-12-08 16:41:07",42
"2019-12-08 17:41:08",42
"2019-12-08 18:41:03",42
"2019-12-08 19:41:06",42
"2019-12-08 20:41:06",42
"2019-12-08 21:41:07",42
"2019-12-08 22:41:08",42
"2019-12-08 23:41:06",42
"2019-12-09 00:41:06",42
"2019-12-09 01:41:04",42
"2019-12-09 02:41:04",42
"2019-12-09 03:41:07",42
"2019-12-09 04:41:04",42
"2019-12-09 05:41:08",42
"2019-12-09 06:41:09",42
"2019-12-09 07:41:04",42
"2019-12-09 08:41:05",42
"2019-12-09 09:41:04",42
"2019-12-09 10:41:05",42
"2019-12-09 11:41:03",42
"2019-12-09 12:41:03",42
"2019-12-09 14:05:55",42
"2019-12-09 14:41:08",42
"2019-12-09 15:41:07",42
"2019-12-09 16:41:10",42
"2019-12-09 17:41:12",42
"2019-12-09 18:41:09",42
"2019-12-09 19:41:05",42
"2019-12-09 20:41:09",42
"2019-12-09 21:41:09",42
"2019-12-09 22:41:06",42
"2019-12-09 23:41:07",42
"2019-12-10 00:41:13",42
"2019-12-10 01:41:08",42
"2019-12-10 02:41:09",42
"2019-12-10 03:41:09",42
"2019-12-10 04:41:08",42
"2019-12-10 05:41:10",42
"2019-12-10 06:41:10",42
"2019-12-10 07:41:09",42
"2019-12-10 08:41:11",42
"2019-12-10 09:41:06",42
"2019-12-10 10:41:05",42
"2019-12-10 11:41:04",42
"2019-12-10 12:41:15",42
"2019-12-10 13:41:05",42
"2019-12-10 14:41:06",42
"2019-12-10 15:41:06",42
"2019-12-10 16:41:08",42
"2019-12-10 17:41:07",42
"2019-12-10 18:41:08",42
"2019-12-10 19:41:05",42
"2019-12-10 20:41:07",42
"2019-12-10 21:41:07",42
"2019-12-10 22:41:09",42
"2019-12-10 23:41:09",42
"2019-12-11 00:41:09",42
"2019-12-11 01:41:09",42
"2019-12-11 02:41:13",42
"2019-12-11 03:41:07",42
"2019-12-11 04:41:08",42
"2019-12-11 05:41:08",42
"2019-12-11 06:41:08",42
"2019-12-11 07:41:06",42
"2019-12-11 08:41:07",42
"2019-12-11 09:41:04",42
"2019-12-11 10:41:05",42
"2019-12-11 11:41:05",42
"2019-12-11 12:41:08",42
"2019-12-11 13:41:07",42
"2019-12-11 14:41:12",42
"2019-12-11 15:41:06",41
"2019-12-11 16:41:11",41
"2019-12-11 17:41:11",41
"2019-12-11 18:41:10",41
"2019-12-11 19:41:11",41
"2019-12-11 20:41:04",41
"2019-12-11 21:41:07",41
"2019-12-11 22:41:09",41
"2019-12-11 23:41:07",41
"2019-12-12 00:41:09",41
"2019-12-12 01:41:11",41
"2019-12-12 02:41:11",41
"2019-12-12 03:41:07",41
"2019-12-12 04:41:07",41
"2019-12-12 05:41:07",41
"2019-12-12 06:41:10",41
"2019-12-12 07:41:06",41
"2019-12-12 08:41:05",41
"2019-12-12 09:41:05",41
"2019-12-12 10:41:06",41
"2019-12-12 11:41:04",41
"2019-12-12 12:41:04",41
"2019-12-12 14:04:25",41
"2019-12-12 14:41:15",41
"2019-12-12 15:41:10",41
"2019-12-12 16:41:10",41
"2019-12-12 17:41:07",41
"2019-12-12 18:41:07",42
"2019-12-12 19:41:06",42
"2019-12-12 20:41:07",42
"2019-12-12 21:41:06",42
"2019-12-12 22:41:05",42
"2019-12-12 23:41:06",42
"2019-12-13 00:41:15",42
"2019-12-13 01:41:06",42
"2019-12-13 02:41:04",42
"2019-12-13 03:41:06",42
"2019-12-13 04:41:05",42
"2019-12-13 05:41:08",42
"2019-12-13 06:41:10",42
"2019-12-13 07:41:05",42
"2019-12-13 08:41:06",42
"2019-12-13 09:41:05",42
"2019-12-13 10:41:07",42
"2019-12-13 11:41:06",42
"2019-12-13 12:41:06",42
"2019-12-13 14:36:28",42
"2019-12-13 14:44:12",42
"2019-12-13 15:41:05",43
"2019-12-13 16:41:05",44
"2019-12-13 17:41:08",44
"2019-12-13 18:41:06",45
"2019-12-13 19:41:04",47
"2019-12-13 20:41:13",47
"2019-12-13 21:41:05",47
"2019-12-13 22:41:05",47
"2019-12-13 23:41:04",47
"2019-12-14 00:41:04",47
"2019-12-14 01:41:05",47
"2019-12-14 02:41:04",47
"2019-12-14 03:41:07",47
"2019-12-14 04:41:05",47
"2019-12-14 05:41:06",47
"2019-12-14 06:41:06",47
"2019-12-14 07:41:05",47
"2019-12-14 08:41:05",47
"2019-12-14 09:41:05",47
"2019-12-14 10:41:05",47
"2019-12-14 11:41:07",47
"2019-12-14 12:41:04",47
"2019-12-14 13:41:05",47
"2019-12-14 14:41:05",47
"2019-12-14 15:41:05",47
"2019-12-14 16:41:07",47
"2019-12-14 17:41:05",47
"2019-12-14 18:41:05",47
"2019-12-14 19:41:04",47
"2019-12-14 20:41:05",47
"2019-12-14 22:41:08",47
"2019-12-14 23:41:05",47
"2019-12-15 00:41:05",47
"2019-12-15 01:41:07",47
"2019-12-15 02:41:05",47
"2019-12-15 03:41:05",47
"2019-12-15 04:41:06",47
"2019-12-15 05:41:05",47
"2019-12-15 06:41:04",47
"2019-12-15 07:41:08",47
"2019-12-15 08:41:05",47
"2019-12-15 09:41:05",47
"2019-12-15 10:41:06",47
"2019-12-15 11:41:05",47
"2019-12-15 13:41:04",47
"2019-12-15 14:41:05",47
"2019-12-15 15:41:06",47
"2019-12-15 16:41:06",47
"2019-12-15 17:41:05",47
"2019-12-15 19:41:04",47
"2019-12-15 20:41:05",47
"2019-12-15 21:41:05",47
"2019-12-15 22:41:07",47
"2019-12-15 23:41:06",47
"2019-12-16 00:41:05",47
"2019-12-16 01:41:08",47
"2019-12-16 02:41:06",47
"2019-12-16 04:41:09",47
"2019-12-16 05:41:05",47
"2019-12-16 06:41:05",47
"2019-12-16 07:41:04",47
"2019-12-16 08:41:05",47
"2019-12-16 09:41:06",47
"2019-12-16 10:41:06",47
"2019-12-16 11:41:05",47
"2019-12-16 12:41:04",47
"2019-12-16 13:41:04",47
"2019-12-16 14:41:10",47
"2019-12-16 16:03:53",45
"2019-12-16 16:41:06",45
"2019-12-16 17:41:06",45
"2019-12-16 18:41:05",45
"2019-12-16 19:41:06",44
"2019-12-16 20:41:06",44
"2019-12-16 21:41:06",44
"2019-12-16 22:41:05",44
"2019-12-16 23:41:06",44
"2019-12-17 00:41:04",44
"2019-12-17 01:41:05",44
"2019-12-17 02:41:09",44
"2019-12-17 03:41:04",44
"2019-12-17 04:41:06",44
"2019-12-17 05:41:05",44
"2019-12-17 06:41:06",44
"2019-12-17 07:41:05",44
"2019-12-17 08:41:07",44
"2019-12-17 09:41:05",44
"2019-12-17 10:41:06",44
"2019-12-17 11:41:05",44
"2019-12-17 12:41:05",44
"2019-12-17 14:05:24",44
"2019-12-17 14:41:06",44
"2019-12-17 15:41:08",44
"2019-12-17 16:41:05",44
"2019-12-17 17:41:04",44
"2019-12-17 18:41:06",44
"2019-12-17 19:41:08",44
"2019-12-17 20:41:06",44
"2019-12-17 21:41:05",45
"2019-12-17 22:41:06",46
"2019-12-17 23:41:05",46
"2019-12-18 00:41:05",46
"2019-12-18 01:41:05",46
"2019-12-18 02:41:09",46
"2019-12-18 03:41:05",46
"2019-12-18 04:41:04",46
"2019-12-18 05:41:04",46
"2019-12-18 06:41:05",46
"2019-12-18 07:41:05",46
"2019-12-18 08:41:06",46
"2019-12-18 09:41:05",46
"2019-12-18 10:41:12",46
"2019-12-18 11:41:06",46
"2019-12-18 12:41:04",46
"2019-12-18 14:04:22",46
"2019-12-18 14:41:05",46
"2019-12-18 15:41:04",46
"2019-12-18 16:41:06",46
"2019-12-18 17:41:07",46
"2019-12-18 18:41:05",46
"2019-12-18 19:41:05",46
"2019-12-18 20:41:06",46
"2019-12-18 21:41:07",46
"2019-12-18 22:41:08",46
"2019-12-18 23:41:07",46
"2019-12-19 00:41:07",46
"2019-12-19 01:41:09",46
"2019-12-19 02:41:12",46
"2019-12-19 03:41:06",46
"2019-12-19 04:41:07",46
"2019-12-19 05:41:06",46
"2019-12-19 06:41:04",46
"2019-12-19 07:41:05",46
"2019-12-19 08:41:06",46
"2019-12-19 09:41:05",46
"2019-12-19 10:41:04",46
"2019-12-19 11:41:03",46
"2019-12-19 12:41:06",46
"2019-12-19 14:05:55",46
"2019-12-19 14:41:11",46
"2019-12-19 15:41:12",47
"2019-12-19 16:41:11",47
"2019-12-19 17:41:11",47
"2019-12-19 18:41:12",47
"2019-12-19 19:41:10",47
"2019-12-19 21:05:57",46
"2019-12-19 21:41:11",46
"2019-12-19 22:41:11",46
"2019-12-19 23:41:10",46
"2019-12-20 00:41:12",46
"2019-12-20 01:41:11",46
"2019-12-20 02:41:16",46
"2019-12-20 03:41:11",46
"2019-12-20 04:41:13",46
"2019-12-20 05:41:12",46
"2019-12-20 06:41:11",46
"2019-12-20 07:41:12",46
"2019-12-20 08:41:11",46
"2019-12-20 09:41:14",46
"2019-12-20 10:41:08",46
"2019-12-20 11:41:13",46
"2019-12-20 12:41:11",46
"2019-12-20 14:04:56",46
"2019-12-20 14:41:17",46
"2019-12-20 15:41:12",47
"2019-12-20 16:41:14",47
"2019-12-20 17:41:15",47
"2019-12-20 18:41:12",47
"2019-12-20 19:41:12",47
"2019-12-20 20:41:16",48
"2019-12-20 21:41:11",48
"2019-12-20 22:41:11",48
"2019-12-20 23:41:11",48
"2019-12-21 00:41:15",48
"2019-12-21 01:41:12",48
"2019-12-21 02:41:11",48
"2019-12-21 03:41:11",48
"2019-12-21 04:41:11",48
"2019-12-21 05:41:08",48
"2019-12-21 06:41:09",48
"2019-12-21 07:41:10",48
"2019-12-21 08:41:13",48
"2019-12-21 09:41:09",48
"2019-12-21 10:41:07",48
"2019-12-21 11:41:06",48
"2019-12-21 12:41:07",48
"2019-12-21 13:41:07",48
"2019-12-21 14:41:08",48
"2019-12-21 15:41:09",48
"2019-12-21 16:41:11",48
"2019-12-21 17:41:11",48
"2019-12-21 18:41:08",48
"2019-12-21 19:41:08",48
"2019-12-21 20:41:08",48
"2019-12-21 21:41:08",48
"2019-12-21 22:41:12",48
"2019-12-21 23:41:07",48
"2019-12-22 00:41:08",48
"2019-12-22 01:41:12",48
"2019-12-22 02:41:09",48
"2019-12-22 04:41:08",48
"2019-12-22 05:41:10",48
"2019-12-22 06:41:08",48
"2019-12-22 07:41:09",48
"2019-12-22 08:41:10",48
"2019-12-22 09:41:08",48
"2019-12-22 10:41:08",48
"2019-12-22 11:41:08",48
"2019-12-22 12:41:08",48
"2019-12-22 13:41:08",48
"2019-12-22 14:41:09",48
"2019-12-22 15:41:11",48
"2019-12-22 16:41:12",48
"2019-12-22 17:41:07",48
"2019-12-22 18:41:08",48
"2019-12-22 19:41:11",48
"2019-12-22 20:41:12",48
"2019-12-22 22:41:08",48
"2019-12-22 23:41:10",48
"2019-12-23 00:41:12",48
"2019-12-23 01:41:14",48
"2019-12-23 02:41:12",48
"2019-12-23 03:41:12",48
"2019-12-23 04:41:11",48
"2019-12-23 05:41:11",48
"2019-12-23 06:41:11",48
"2019-12-23 07:41:09",48
"2019-12-23 08:41:09",48
"2019-12-23 09:41:10",48
"2019-12-23 10:41:09",48
"2019-12-23 11:41:08",48
"2019-12-23 12:41:07",48
"2019-12-23 14:05:59",48
"2019-12-23 14:41:14",48
"2019-12-23 15:41:07",48
"2019-12-23 16:41:06",48
"2019-12-23 17:41:11",48
"2019-12-23 18:41:10",48
"2019-12-23 19:41:11",48
"2019-12-23 20:41:15",48
"2019-12-23 21:41:10",47
"2019-12-23 22:41:09",47
"2019-12-23 23:41:11",47
"2019-12-24 00:41:08",47
"2019-12-24 01:41:10",47
"2019-12-24 02:41:15",47
"2019-12-24 03:41:12",47
"2019-12-24 04:41:16",47
"2019-12-24 05:41:09",47
"2019-12-24 06:41:12",47
"2019-12-24 07:41:08",47
"2019-12-24 08:41:08",47
"2019-12-24 09:41:08",47
"2019-12-24 10:41:11",47
"2019-12-24 11:41:08",47
"2019-12-24 12:41:07",47
"2019-12-24 13:41:07",47
"2019-12-24 14:41:12",47
"2019-12-24 15:41:12",48
"2019-12-24 16:41:11",48
"2019-12-24 17:41:06",48
"2019-12-24 18:41:07",48
"2019-12-24 19:41:07",48
"2019-12-24 20:41:08",48
"2019-12-24 21:41:07",48
"2019-12-24 22:41:07",48
"2019-12-24 23:41:12",48
"2019-12-25 00:41:09",48
"2019-12-25 01:41:08",48
"2019-12-25 02:41:08",48
"2019-12-25 03:41:09",48
"2019-12-25 04:41:12",48
"2019-12-25 05:41:11",48
"2019-12-25 06:41:08",48
"2019-12-25 07:41:07",48
"2019-12-25 08:41:13",48
"2019-12-25 09:41:09",48
"2019-12-25 10:41:09",48
"2019-12-25 11:41:09",48
"2019-12-25 12:41:08",48
"2019-12-25 13:41:08",48
"2019-12-25 14:41:06",48
"2019-12-25 15:41:11",48
"2019-12-25 16:41:08",48
"2019-12-25 17:41:11",48
"2019-12-25 18:41:08",48
"2019-12-25 19:41:07",48
"2019-12-25 20:41:07",48
"2019-12-25 21:41:07",48
"2019-12-25 22:41:08",48
"2019-12-25 23:41:09",48
"2019-12-26 00:41:10",48
"2019-12-26 01:41:11",48
"2019-12-26 02:41:10",48
"2019-12-26 03:41:10",48
"2019-12-26 04:41:11",48
"2019-12-26 05:41:10",48
"2019-12-26 06:41:11",48
"2019-12-26 07:41:08",48
"2019-12-26 08:41:09",48
"2019-12-26 09:41:09",48
"2019-12-26 10:41:07",48
"2019-12-26 11:41:07",48
"2019-12-26 12:41:07",48
"2019-12-26 13:41:07",48
"2019-12-26 14:41:08",48
"2019-12-26 15:41:07",49
"2019-12-26 16:41:10",47
"2019-12-26 17:41:13",47
"2019-12-26 18:41:08",47
"2019-12-26 19:41:07",47
"2019-12-26 20:41:15",47
"2019-12-26 21:41:10",47
"2019-12-26 22:41:11",47
"2019-12-26 23:41:11",47
"2019-12-27 00:41:08",47
"2019-12-27 01:41:11",47
"2019-12-27 02:41:12",47
"2019-12-27 03:41:11",47
"2019-12-27 04:41:11",47
"2019-12-27 05:41:11",47
"2019-12-27 06:41:11",47
"2019-12-27 07:41:08",47
"2019-12-27 08:41:11",47
"2019-12-27 09:41:09",47
"2019-12-27 10:41:09",47
"2019-12-27 11:41:08",47
"2019-12-27 12:41:08",47
"2019-12-27 14:05:57",47
"2019-12-27 14:41:11",47
"2019-12-27 15:41:09",48
"2019-12-27 16:41:08",48
"2019-12-27 17:41:12",48
"2019-12-27 18:41:13",48
"2019-12-27 19:41:18",48
"2019-12-27 20:41:12",48
"2019-12-27 21:41:16",48
"2019-12-27 22:41:13",48
"2019-12-27 23:41:09",48
"2019-12-28 00:41:12",48
"2019-12-28 01:41:09",48
"2019-12-28 02:41:14",48
"2019-12-28 03:41:09",48
"2019-12-28 04:41:12",48
"2019-12-28 05:41:12",48
"2019-12-28 06:41:12",48
"2019-12-28 07:41:11",48
"2019-12-28 08:41:15",48
"2019-12-28 09:41:10",48
"2019-12-28 10:41:11",48
"2019-12-28 11:41:09",48
"2019-12-28 12:41:09",48
"2019-12-28 13:41:08",48
"2019-12-28 14:41:10",48
"2019-12-28 15:41:09",48
"2019-12-28 16:41:09",48
"2019-12-28 17:41:13",48
"2019-12-28 18:41:10",48
"2019-12-28 19:41:10",48
"2019-12-28 20:41:09",48
"2019-12-28 21:41:10",48
"2019-12-28 22:41:12",48
"2019-12-28 23:41:16",48
"2019-12-29 00:41:10",48
"2019-12-29 01:41:13",48
"2019-12-29 02:41:13",48
"2019-12-29 03:41:13",48
"2019-12-29 04:41:11",48
"2019-12-29 05:41:14",48
"2019-12-29 06:41:14",48
"2019-12-29 07:41:12",48
"2019-12-29 08:41:16",48
"2019-12-29 09:41:09",48
"2019-12-29 10:41:11",48
"2019-12-29 11:41:11",48
"2019-12-29 12:41:11",48
"2019-12-29 13:41:10",48
"2019-12-29 14:41:11",48
"2019-12-29 15:41:14",48
"2019-12-29 16:41:11",48
"2019-12-29 17:41:10",48
"2019-12-29 18:41:12",48
"2019-12-29 19:41:11",48
"2019-12-29 20:41:09",48
"2019-12-29 21:41:16",48
"2019-12-29 22:41:11",48
"2019-12-29 23:41:10",48
"2019-12-30 00:41:10",48
"2019-12-30 01:41:14",48
"2019-12-30 02:41:16",48
"2019-12-30 03:41:12",48
"2019-12-30 04:41:16",48
"2019-12-30 05:41:11",48
"2019-12-30 06:41:08",48
"2019-12-30 07:41:09",48
"2019-12-30 08:41:11",48
"2019-12-30 09:41:20",48
"2019-12-30 10:41:09",48
"2019-12-30 11:41:10",48
"2019-12-30 12:41:09",48
"2019-12-30 14:05:56",48
"2019-12-30 14:41:12",48
"2019-12-30 15:41:09",48
"2019-12-30 16:41:09",49
"2019-12-30 17:41:11",49
"2019-12-30 18:41:13",49
"2019-12-30 19:41:10",49
"2019-12-30 20:41:10",49
"2019-12-30 21:41:09",49
"2019-12-30 22:41:09",49
"2019-12-30 23:41:10",49
"2019-12-31 00:41:09",49
"2019-12-31 01:41:08",49
"2019-12-31 02:41:09",49
"2019-12-31 03:41:11",49
"2019-12-31 04:41:09",49
"2019-12-31 05:41:10",49
"2019-12-31 06:41:10",49
"2019-12-31 07:41:09",49
"2019-12-31 08:41:11",49
"2019-12-31 09:41:11",49
"2019-12-31 10:41:12",49
"2019-12-31 11:41:11",49
"2019-12-31 12:41:12",49
"2019-12-31 14:06:57",49
"2019-12-31 14:41:17",49
"2019-12-31 15:41:13",49
"2019-12-31 16:41:08",50
"2019-12-31 17:41:08",50
"2019-12-31 18:41:08",50
"2019-12-31 19:41:09",49
"2019-12-31 20:41:09",49
"2019-12-31 21:41:09",49
"2019-12-31 22:41:07",49
"2019-12-31 23:41:09",49
"2020-01-01 00:41:08",49
"2020-01-01 01:41:10",49
"2020-01-01 02:41:08",49
"2020-01-01 03:41:13",49
"2020-01-01 04:41:09",49
"2020-01-01 05:41:13",49
"2020-01-01 06:41:12",49
"2020-01-01 07:41:13",49
"2020-01-01 08:41:11",49
"2020-01-01 09:41:10",49
"2020-01-01 10:41:08",49
"2020-01-01 11:41:09",49
"2020-01-01 12:41:09",49
"2020-01-01 13:41:11",49
"2020-01-01 14:41:09",49
"2020-01-01 15:41:10",49
"2020-01-01 16:41:09",49
"2020-01-01 17:41:09",49
"2020-01-01 18:41:09",49
"2020-01-01 19:41:09",49
"2020-01-01 20:41:09",49
"2020-01-01 21:41:09",49
"2020-01-01 22:41:12",49
"2020-01-01 23:41:18",49
"2020-01-02 00:41:11",49
"2020-01-02 01:41:12",49
"2020-01-02 02:41:17",49
"2020-01-02 03:41:09",49
"2020-01-02 04:41:08",49
"2020-01-02 05:41:09",49
"2020-01-02 06:41:09",49
"2020-01-02 07:41:08",49
"2020-01-02 08:41:10",49
"2020-01-02 09:41:10",49
"2020-01-02 10:41:13",49
"2020-01-02 11:41:09",49
"2020-01-02 12:41:10",49
"2020-01-02 14:07:27",49
"2020-01-02 14:41:22",49
"2020-01-02 15:41:10",49
"2020-01-02 16:41:09",48
"2020-01-02 17:41:10",48
"2020-01-02 18:41:11",48
"2020-01-02 19:41:09",48
"2020-01-02 20:41:10",48
"2020-01-02 21:41:09",47
"2020-01-02 22:41:12",47
"2020-01-02 23:41:08",47
"2020-01-03 00:41:12",47
"2020-01-03 01:41:09",47
"2020-01-03 02:41:12",47
"2020-01-03 03:41:09",47
"2020-01-03 04:41:08",47
"2020-01-03 05:41:09",47
"2020-01-03 06:41:10",47
"2020-01-03 07:41:08",47
"2020-01-03 08:41:11",47
"2020-01-03 09:41:08",47
"2020-01-03 10:41:10",47
"2020-01-03 11:41:09",47
"2020-01-03 12:41:09",47
"2020-01-03 14:07:26",47
"2020-01-03 14:43:22",47
"2020-01-03 15:41:10",47
"2020-01-03 16:41:11",46
"2020-01-03 17:41:09",46
"2020-01-03 18:41:08",46
"2020-01-03 19:41:08",46
"2020-01-03 20:41:07",46
"2020-01-03 21:41:08",46
"2020-01-03 22:41:09",46
"2020-01-03 23:41:08",46
"2020-01-04 00:41:10",46
"2020-01-04 01:41:08",46
"2020-01-04 02:41:10",46
"2020-01-04 03:41:09",46
"2020-01-04 04:41:09",46
"2020-01-04 05:41:09",46
"2020-01-04 06:41:08",46
"2020-01-04 07:41:08",46
"2020-01-04 08:41:11",46
"2020-01-04 09:41:07",46
"2020-01-04 10:41:09",46
"2020-01-04 11:41:07",46
"2020-01-04 12:41:09",46
"2020-01-04 13:41:08",46
"2020-01-04 14:41:08",46
"2020-01-04 15:41:09",46
"2020-01-04 16:41:08",46
"2020-01-04 17:41:09",46
"2020-01-04 18:41:09",46
"2020-01-04 19:41:09",46
"2020-01-04 20:41:09",46
"2020-01-04 21:41:15",46
"2020-01-04 22:41:08",46
"2020-01-04 23:41:14",46
"2020-01-05 00:41:09",46
"2020-01-05 01:41:16",46
"2020-01-05 02:41:14",46
"2020-01-05 03:41:12",46
"2020-01-05 04:41:08",46
"2020-01-05 05:41:08",46
"2020-01-05 06:41:08",46
"2020-01-05 07:41:09",46
"2020-01-05 08:41:09",46
"2020-01-05 09:41:09",46
"2020-01-05 10:41:08",46
"2020-01-05 11:41:08",46
"2020-01-05 12:41:08",46
"2020-01-05 13:41:07",46
"2020-01-05 14:41:08",46
"2020-01-05 15:41:09",46
"2020-01-05 16:41:09",46
"2020-01-05 17:41:17",46
"2020-01-05 18:41:12",46
"2020-01-05 19:41:09",46
"2020-01-05 20:41:10",46
"2020-01-05 21:41:17",46
"2020-01-05 22:41:09",46
"2020-01-05 23:41:10",46
"2020-01-06 00:41:10",46
"2020-01-06 01:41:09",46
"2020-01-06 02:41:13",46
"2020-01-06 03:41:12",46
"2020-01-06 04:41:12",46
"2020-01-06 05:41:09",46
"2020-01-06 06:41:10",46
"2020-01-06 07:41:09",46
"2020-01-06 08:41:09",46
"2020-01-16 06:41:12",53
"2020-01-16 07:41:12",53
"2020-01-16 08:41:13",53
"2020-01-16 09:41:16",53
"2020-01-16 10:41:12",53
"2020-01-16 11:41:13",53
"2020-01-16 12:41:11",53
"2020-01-16 14:07:29",53
"2020-01-16 15:41:12",53
"2020-01-16 16:41:14",53
"2020-01-16 17:41:14",53
"2020-01-16 18:41:13",51
"2020-01-16 19:41:13",52
"2020-01-16 20:41:12",53
"2020-01-16 21:41:13",53
"2020-01-16 22:41:13",53
"2020-01-16 23:41:15",53
"2020-01-17 00:41:21",53
"2020-01-17 01:41:22",53
"2020-01-17 02:41:12",53
"2020-01-17 03:41:12",53
"2020-01-17 04:41:13",53
"2020-01-17 05:41:12",53
"2020-01-17 06:41:14",53
"2020-01-17 07:41:12",53
"2020-01-17 08:41:14",53
"2020-01-17 09:41:22",53
"2020-01-17 10:41:12",53
"2020-01-17 11:41:13",53
"2020-01-17 12:41:14",53
"2020-01-17 14:05:30",53
"2020-01-17 14:41:15",53
"2020-01-17 15:41:13",52
"2020-01-17 16:41:13",52
"2020-01-17 17:41:14",52
"2020-01-17 18:41:13",52
"2020-01-17 19:41:13",52
"2020-01-17 20:41:12",51
"2020-01-17 21:41:12",51
"2020-01-17 22:41:15",51
"2020-01-17 23:41:13",51
"2020-01-18 00:41:14",51
"2020-01-18 01:41:12",51
"2020-01-18 02:41:12",51
"2020-01-18 03:41:13",51
"2020-01-18 04:41:11",51
"2020-01-18 05:41:13",51
"2020-01-18 06:41:13",51
"2020-01-18 07:41:13",51
"2020-01-18 08:41:13",51
"2020-01-18 09:41:12",51
"2020-01-18 10:41:12",51
"2020-01-18 11:41:12",51
"2020-01-18 12:41:13",51
"2020-01-18 13:41:15",51
"2020-01-18 14:41:13",51
"2020-01-18 15:41:12",51
"2020-01-18 16:41:12",51
"2020-01-18 17:41:14",51
"2020-01-18 18:41:13",51
"2020-01-18 19:41:21",51
"2020-01-18 20:41:13",51
"2020-01-18 21:41:13",51
"2020-01-18 22:41:14",51
"2020-01-18 23:41:13",51
"2020-01-19 00:41:12",51
"2020-01-19 01:41:12",51
"2020-01-19 02:41:12",51
"2020-01-19 03:41:14",51
"2020-01-19 04:41:12",51
"2020-01-19 05:41:13",51
"2020-01-19 06:41:13",51
"2020-01-19 07:41:13",51
"2020-01-19 08:41:18",51
"2020-01-19 09:41:15",51
"2020-01-19 10:41:12",51
"2020-01-19 11:41:12",51
"2020-01-19 12:41:12",51
"2020-01-19 13:41:13",51
"2020-01-19 14:41:12",51
"2020-01-19 15:41:23",51
"2020-01-19 16:41:12",51
"2020-01-19 17:41:11",51
"2020-01-19 18:41:12",51
"2020-01-19 19:41:21",51
"2020-01-19 20:41:12",51
"2020-01-19 21:41:11",51
"2020-01-19 22:41:13",51
"2020-01-19 23:41:21",51
"2020-01-20 00:41:21",51
"2020-01-20 01:41:21",51
"2020-01-20 02:41:20",51
"2020-01-20 03:41:22",51
"2020-01-20 04:41:20",51
"2020-01-20 05:41:12",51
"2020-01-20 06:41:22",51
"2020-01-20 07:41:12",51
"2020-01-20 08:41:22",51
"2020-01-20 09:50:22",51
"2020-01-20 10:41:18",51
"2020-01-20 11:41:16",51
"2020-01-20 12:41:12",51
"2020-01-20 13:41:19",51
"2020-01-20 14:41:20",51
"2020-01-20 15:41:20",51
"2020-01-20 16:41:15",51
"2020-01-20 17:41:20",51
"2020-01-20 18:41:13",51
"2020-01-20 19:41:20",51
"2020-01-20 20:41:21",51
"2020-01-20 21:41:21",51
"2020-01-20 22:41:21",51
"2020-01-20 23:41:20",51
"2020-01-21 00:41:21",51
"2020-01-21 01:41:20",51
"2020-01-21 02:41:21",51
"2020-01-21 03:41:13",51
"2020-01-21 04:41:14",51
"2020-01-21 05:41:13",51
"2020-01-21 06:41:12",51
"2020-01-21 07:41:12",51
"2020-01-21 08:41:13",51
"2020-01-21 09:58:50",51
"2020-01-21 10:41:19",51
"2020-01-21 11:41:14",51
"2020-01-21 12:41:12",51
"2020-01-21 13:41:12",51
"2020-01-21 15:41:22",51
"2020-01-21 16:41:14",51
"2020-01-21 17:41:15",51
"2020-01-21 18:41:15",51
"2020-01-21 19:41:22",51
"2020-01-21 20:41:13",50
"2020-01-21 21:41:19",50
"2020-01-21 22:41:20",50
"2020-01-21 23:41:12",50
"2020-01-22 00:41:14",50
"2020-01-22 01:41:13",50
"2020-01-22 02:41:20",50
"2020-01-22 03:41:14",50
"2020-01-22 04:41:12",50
"2020-01-22 05:41:13",50
"2020-01-22 06:41:14",50
"2020-01-22 07:41:12",50
"2020-01-22 08:41:12",50
"2020-01-22 09:55:02",50
"2020-01-22 10:41:12",50
"2020-01-22 11:41:11",50
"2020-01-22 12:41:21",50
"2020-01-22 13:41:19",50
"2020-01-22 14:41:17",50
"2020-01-22 15:41:15",51
"2020-01-22 16:41:21",52
"2020-01-22 17:41:19",52
"2020-01-22 18:41:21",52
"2020-01-22 19:41:19",51
"2020-01-22 20:41:22",51
"2020-01-22 21:41:22",51
"2020-01-22 22:41:13",51
"2020-01-22 23:41:17",51
"2020-01-23 00:41:22",51
"2020-01-23 01:41:23",51
"2020-01-23 02:41:14",51
"2020-01-23 03:41:13",51
"2020-01-23 04:41:15",51
"2020-01-23 05:41:14",51
"2020-01-23 06:41:13",51
"2020-01-23 07:41:12",51
"2020-01-23 08:41:13",51
"2020-01-23 10:41:13",51
"2020-01-23 11:41:13",51
"2020-01-23 12:41:13",51
"2020-01-23 14:07:00",51
"2020-01-23 14:41:18",51
"2020-01-23 15:41:15",52
"2020-01-23 16:41:16",51
"2020-01-23 17:41:14",50
"2020-01-23 18:41:15",50
"2020-01-23 19:41:14",50
"2020-01-23 20:41:15",50
"2020-01-23 21:41:19",50
"2020-01-23 22:41:17",50
"2020-01-23 23:41:14",50
"2020-01-24 00:41:15",50
"2020-01-24 01:41:15",50
"2020-01-24 02:41:23",50
"2020-01-24 03:41:13",50
"2020-01-24 04:41:14",50
"2020-01-24 05:41:15",50
"2020-01-24 06:41:13",50
"2020-01-24 07:41:14",50
"2020-01-24 08:41:15",50
"2020-01-24 09:53:06",50
"2020-01-24 10:41:15",50
"2020-01-24 11:41:14",50
"2020-01-24 12:41:14",50
"2020-01-24 14:06:00",50
"2020-01-24 14:41:14",50
"2020-01-24 15:41:16",49
"2020-01-24 16:41:14",49
"2020-01-24 17:41:13",49
"2020-01-24 18:41:14",49
"2020-01-24 19:41:15",49
"2020-01-24 20:41:17",49
"2020-01-24 21:41:14",49
"2020-01-24 22:41:14",49
"2020-01-24 23:41:14",49
"2020-01-25 00:41:14",49
"2020-01-25 01:41:15",49
"2020-01-25 02:41:19",49
"2020-01-25 03:41:16",49
"2020-01-25 04:41:13",49
"2020-01-25 05:41:16",49
"2020-01-25 06:41:15",49
"2020-01-25 07:41:15",49
"2020-01-25 08:41:15",49
"2020-01-25 09:53:34",49
"2020-01-25 10:41:16",49
"2020-01-25 11:41:12",49
"2020-01-25 12:41:15",49
"2020-01-25 13:41:14",49
"2020-01-25 14:41:14",49
"2020-01-25 15:41:14",49
"2020-01-25 16:41:15",49
"2020-01-25 17:41:12",49
"2020-01-25 18:41:13",49
"2020-01-25 19:41:13",49
"2020-01-25 20:41:14",49
"2020-01-25 21:41:15",49
"2020-01-25 22:41:13",49
"2020-01-25 23:41:14",49
"2020-01-26 00:41:14",49
"2020-01-26 01:41:15",49
"2020-01-26 02:41:17",49
"2020-01-26 03:41:18",49
"2020-01-26 04:41:15",49
"2020-01-26 05:41:13",49
"2020-01-26 06:41:14",49
"2020-01-26 07:41:15",49
"2020-01-27 02:41:14",49
"2020-01-27 03:41:13",49
"2020-01-27 04:41:19",49
"2020-01-27 05:41:16",49
"2020-01-27 06:41:17",49
"2020-01-27 07:41:15",49
"2020-01-27 08:41:15",49
"2020-01-27 09:41:17",49
"2020-01-27 10:41:16",49
"2020-01-27 11:41:17",49
"2020-01-27 12:41:18",49
"2020-01-27 13:41:16",49
"2020-01-27 14:41:27",49
"2020-01-27 15:41:20",48
"2020-01-27 16:41:16",48
"2020-01-27 17:41:17",48
"2020-01-27 18:41:17",47
"2020-01-27 19:41:19",47
"2020-01-27 20:41:16",47
"2020-01-27 21:41:17",47
"2020-01-27 22:41:23",47
"2020-01-27 23:41:18",47
"2020-01-28 00:41:15",47
"2020-01-28 01:41:19",47
"2020-01-28 02:41:18",47
"2020-01-28 03:41:19",47
"2020-01-28 04:41:18",47
"2020-01-28 05:41:22",47
"2020-01-28 06:41:13",47
"2020-01-28 07:41:14",47
"2020-01-28 08:41:17",47
"2020-01-28 09:41:18",47
"2020-01-28 10:41:13",47
"2020-01-28 11:41:13",47
"2020-01-28 12:41:13",47
"2020-01-28 14:06:32",47
"2020-01-28 14:41:21",47
"2020-01-28 15:41:15",47
"2020-01-28 16:41:20",46
"2020-01-28 17:41:16",46
"2020-01-28 18:41:17",46
"2020-01-28 19:41:18",46
"2020-01-28 21:41:20",45
"2020-01-28 22:41:18",45
"2020-01-28 23:41:17",45
"2020-01-29 00:41:16",45
"2020-01-29 01:41:19",45
"2020-01-29 02:41:25",45
"2020-01-29 03:41:20",45
"2020-01-29 04:41:14",45
"2020-01-29 05:41:18",45
"2020-01-29 06:41:15",45
"2020-01-29 07:41:16",45
"2020-01-29 08:41:19",45
"2020-01-29 09:41:17",45
"2020-01-29 10:41:15",45
"2020-01-29 11:41:14",45
"2020-01-29 12:41:16",45
"2020-01-29 13:41:19",45
"2020-01-29 14:41:19",45
"2020-01-29 15:41:21",45
"2020-01-29 16:41:17",45
"2020-01-29 17:41:20",45
"2020-01-29 18:41:18",45
"2020-01-29 19:41:19",45
"2020-01-29 20:41:18",45
"2020-01-29 21:41:18",45
"2020-01-29 22:41:14",45
"2020-01-29 23:41:16",45
"2020-01-30 00:41:18",45
"2020-01-30 01:41:21",45
"2020-01-30 02:41:19",45
"2020-01-30 03:41:14",45
"2020-01-30 04:41:19",45
"2020-01-30 05:41:22",45
"2020-01-30 06:41:15",45
"2020-01-30 07:41:16",45
"2020-01-30 08:41:16",45
"2020-01-30 09:41:17",45
"2020-01-30 10:41:13",45
"2020-01-30 11:41:14",45
"2020-01-30 12:41:15",45
"2020-01-30 13:41:15",45
"2020-01-30 14:41:17",46
"2020-01-30 15:41:17",46
"2020-01-30 16:41:20",46
"2020-01-30 17:41:20",47
"2020-01-30 18:41:20",47
"2020-01-30 19:41:18",47
"2020-01-30 20:41:17",47
"2020-01-30 21:41:23",47
"2020-01-30 22:41:15",47
"2020-01-30 23:41:15",47
"2020-01-31 00:41:20",47
"2020-01-31 01:41:19",47
"2020-01-31 02:41:15",47
"2020-01-31 03:41:18",47
"2020-01-31 04:41:15",47
"2020-01-31 05:41:16",47
"2020-01-31 06:41:16",47
"2020-01-31 07:41:15",47
"2020-01-31 08:41:21",47
"2020-01-31 09:41:19",47
"2020-01-31 10:41:15",47
"2020-01-31 11:41:15",47
"2020-01-31 12:41:15",47
"2020-01-31 13:41:15",47
"2020-01-31 14:41:17",47
"2020-01-31 15:41:19",47
"2020-01-31 16:41:19",47
"2020-01-31 17:41:15",48
"2020-01-31 18:41:16",47
"2020-01-31 19:41:17",47
"2020-01-31 20:41:15",47
"2020-01-31 21:41:14",47
"2020-01-31 22:41:16",47
"2020-01-31 23:41:15",47
"2020-02-01 00:41:13",47
"2020-02-01 01:42:21",47
"2020-02-01 02:41:17",47
"2020-02-01 03:41:17",47
"2020-02-01 04:41:18",47
"2020-02-01 05:41:18",47
"2020-02-01 06:41:16",47
"2020-02-01 07:41:20",47
"2020-02-01 08:41:17",47
"2020-02-01 09:41:16",47
"2020-02-01 10:41:16",47
"2020-02-01 11:41:14",47
"2020-02-01 12:41:14",47
"2020-02-01 13:41:14",47
"2020-02-01 14:41:15",47
"2020-02-01 15:41:15",47
"2020-02-01 16:41:16",47
"2020-02-01 17:41:14",47
"2020-02-01 18:41:15",47
"2020-02-01 19:41:14",47
"2020-02-01 20:41:17",47
"2020-02-01 21:41:22",47
"2020-02-01 22:41:17",47
"2020-02-01 23:41:19",47
"2020-02-02 00:41:20",47
"2020-02-02 01:41:19",47
"2020-02-02 02:41:19",47
"2020-02-02 03:41:18",47
"2020-02-02 04:41:19",47
"2020-02-02 05:41:16",47
"2020-02-02 06:41:19",47
"2020-02-02 07:41:19",47
"2020-02-02 08:41:19",47
"2020-02-02 09:41:18",47
"2020-02-02 10:41:17",47
"2020-02-02 11:41:16",47
"2020-02-02 12:41:21",47
"2020-02-02 13:41:18",47
"2020-02-02 14:41:18",47
"2020-02-02 15:41:18",47
"2020-02-02 16:41:17",47
"2020-02-02 17:41:19",47
"2020-02-02 18:41:16",47
"2020-02-02 19:41:18",47
"2020-02-02 20:41:17",47
"2020-02-02 21:41:18",47
"2020-02-02 22:41:18",47
"2020-02-02 23:41:21",47
"2020-02-03 00:41:25",47
"2020-02-03 01:41:19",47
"2020-02-03 02:41:18",47
"2020-02-03 03:41:20",47
"2020-02-03 04:41:19",47
"2020-02-03 05:41:19",47
"2020-02-03 06:41:19",47
"2020-02-03 07:41:20",47
"2020-02-03 08:41:21",47
"2020-02-03 09:41:21",47
"2020-02-03 10:41:18",47
"2020-02-03 11:41:20",47
"2020-02-03 12:41:17",47
"2020-02-03 14:43:09",47
"2020-02-03 14:50:56",47
"2020-02-03 15:41:22",47
"2020-02-03 16:41:23",47
"2020-02-03 17:41:21",48
"2020-02-03 18:41:21",48
"2020-02-03 19:41:19",48
"2020-02-03 20:41:21",48
"2020-02-03 21:41:20",49
"2020-02-03 22:41:20",49
"2020-02-03 23:41:20",49
"2020-02-04 00:41:19",49
"2020-02-04 01:41:20",49
"2020-02-04 02:41:19",49
"2020-02-04 03:41:24",49
"2020-02-04 04:41:20",49
"2020-02-04 05:41:21",49
"2020-02-04 06:41:21",49
"2020-02-04 07:41:24",49
"2020-02-04 08:41:16",49
"2020-02-04 09:41:22",49
"2020-02-04 10:41:18",49
"2020-02-04 11:41:20",49
"2020-02-04 12:41:20",49
"2020-02-04 14:10:05",49
"2020-02-04 14:41:24",49
"2020-02-04 15:41:23",49
"2020-02-04 16:41:23",49
"2020-02-04 17:41:20",49
"2020-02-04 18:41:22",49
"2020-02-04 19:41:19",49
"2020-02-04 20:41:19",50
"2020-02-04 21:41:19",50
"2020-02-04 22:41:21",50
"2020-02-04 23:41:20",50
"2020-02-05 00:41:18",50
"2020-02-05 01:41:22",50
"2020-02-05 02:41:19",50
"2020-02-05 03:41:21",50
"2020-02-05 04:41:26",50
"2020-02-05 05:41:19",50
"2020-02-05 06:41:21",50
"2020-02-05 07:41:19",50
"2020-02-05 08:41:22",50
"2020-02-05 09:41:20",50
"2020-02-05 10:41:18",50
"2020-02-05 11:41:23",50
"2020-02-05 12:41:21",50
"2020-02-05 14:04:04",50
"2020-02-05 14:41:21",50
"2020-02-05 15:41:21",51
"2020-02-05 16:41:21",52
"2020-02-05 17:41:20",52
"2020-02-05 18:41:18",53
"2020-02-05 19:41:21",53
"2020-02-05 20:41:20",53
"2020-02-05 21:41:19",52
"2020-02-05 22:41:20",52
"2020-02-05 23:41:23",52
"2020-02-06 00:41:20",52
"2020-02-06 01:41:21",52
"2020-02-06 02:41:22",52
"2020-02-06 03:41:24",52
"2020-02-06 04:41:24",52
"2020-02-06 05:41:19",52
"2020-02-06 06:41:16",52
"2020-02-06 07:41:23",52
"2020-02-06 08:41:21",52
"2020-02-06 09:41:21",52
"2020-02-06 10:41:18",52
"2020-02-06 11:41:19",52
"2020-02-06 12:41:19",52
"2020-02-06 13:41:19",52
"2020-02-06 14:41:23",52
"2020-02-06 15:41:25",52
"2020-02-06 16:41:19",52
"2020-02-06 17:41:21",52
"2020-02-06 18:41:21",52
"2020-02-06 19:41:20",52
"2020-02-06 20:41:20",53
"2020-02-06 21:41:20",53
"2020-02-06 22:41:19",53
"2020-02-06 23:41:19",53
"2020-02-07 00:41:20",53
"2020-02-07 01:41:23",53
"2020-02-07 02:41:19",53
"2020-02-07 03:41:20",53
"2020-02-07 04:41:20",53
"2020-02-07 05:41:23",53
"2020-02-07 06:41:24",53
"2020-02-07 07:41:19",53
"2020-02-07 08:41:21",53
"2020-02-07 09:41:22",53
"2020-02-07 10:41:24",53
"2020-02-07 11:41:20",53
"2020-02-07 12:41:18",53
"2020-02-07 14:05:34",53
"2020-02-07 14:41:21",53
"2020-02-07 15:41:21",52
"2020-02-07 16:41:18",51
"2020-02-07 17:41:21",50
"2020-02-07 18:41:20",50
"2020-02-07 19:41:20",49
"2020-02-07 20:41:21",49
"2020-02-07 21:41:19",48
"2020-02-07 22:41:20",48
"2020-02-07 23:41:18",48
"2020-02-08 00:41:19",48
"2020-02-08 01:41:18",48
"2020-02-08 02:41:19",48
"2020-02-08 03:41:19",48
"2020-02-08 04:41:20",48
"2020-02-08 05:41:19",48
"2020-02-08 06:41:20",48
"2020-02-08 07:41:20",48
"2020-02-08 08:41:19",48
"2020-02-08 09:41:23",48
"2020-02-08 10:41:15",48
"2020-02-08 11:41:19",48
"2020-02-08 12:41:18",48
"2020-02-08 13:41:17",48
"2020-02-08 14:41:18",48
"2020-02-08 15:41:19",48
"2020-02-08 16:41:19",48
"2020-02-08 17:41:20",48
"2020-02-08 18:42:33",48
"2020-02-08 19:41:18",48
"2020-02-08 20:41:21",48
"2020-02-08 21:41:20",48
"2020-02-08 22:41:21",48
"2020-02-08 23:41:19",48
"2020-02-09 00:41:18",48
"2020-02-09 01:41:20",48
"2020-02-09 02:41:22",48
"2020-02-09 03:41:19",48
"2020-02-09 04:41:20",48
"2020-02-09 05:41:20",48
"2020-02-09 06:41:24",48
"2020-02-09 07:41:20",48
"2020-02-09 08:41:22",48
"2020-02-09 09:41:20",48
"2020-02-09 10:41:20",48
"2020-02-09 11:41:21",48
"2020-02-09 12:41:21",48
"2020-02-09 13:41:19",48
"2020-02-09 14:41:21",48
"2020-02-09 15:41:19",48
"2020-02-09 16:41:22",48
"2020-02-09 17:41:19",48
"2020-02-09 18:41:21",48
"2020-02-09 19:41:20",48
"2020-02-09 20:41:19",48
"2020-02-09 21:41:24",48
"2020-02-09 22:41:18",48
"2020-02-09 23:41:27",48
"2020-02-10 00:41:20",48
"2020-02-10 01:41:19",48
"2020-02-10 02:41:21",48
"2020-02-10 03:41:19",48
"2020-02-10 04:41:19",48
"2020-02-10 05:41:23",48
"2020-02-10 06:41:22",48
"2020-02-10 07:41:19",48
"2020-02-10 08:41:19",48
"2020-02-10 09:41:21",48
"2020-02-10 10:41:21",48
"2020-02-10 11:41:20",48
"2020-02-10 12:41:19",48
"2020-02-10 13:41:19",48
"2020-02-10 14:41:25",48
"2020-02-10 15:41:25",46
"2020-02-10 16:41:24",46
"2020-02-10 17:41:22",46
"2020-02-10 18:41:21",46
"2020-02-10 19:41:22",46
"2020-02-10 20:41:23",46
"2020-02-10 21:41:24",46
"2020-02-10 22:41:23",46
"2020-02-10 23:41:20",46
"2020-02-11 00:41:23",46
"2020-02-11 01:41:27",46
"2020-02-11 02:41:23",46
"2020-02-11 03:41:21",46
"2020-02-11 04:41:22",46
"2020-02-11 05:41:21",46
"2020-02-11 06:41:24",46
"2020-02-11 07:41:22",46
"2020-02-11 08:41:23",46
"2020-02-11 09:41:25",46
"2020-02-11 10:41:20",46
"2020-02-11 11:41:24",46
"2020-02-11 12:41:22",46
"2020-02-11 14:06:05",46
"2020-02-11 14:41:25",46
"2020-02-11 15:41:25",47
"2020-02-11 16:41:26",47
"2020-02-11 17:41:22",47
"2020-02-11 18:41:23",47
"2020-02-11 19:41:24",47
"2020-02-11 20:41:22",47
"2020-02-11 21:41:58",47
"2020-02-11 22:41:27",47
"2020-02-11 23:41:22",47
"2020-02-12 00:41:26",47
"2020-02-12 01:41:23",47
"2020-02-12 02:41:29",47
"2020-02-12 03:41:21",47
"2020-02-12 04:41:22",47
"2020-02-12 05:41:22",47
"2020-02-12 06:41:24",47
"2020-02-12 07:41:23",47
"2020-02-12 08:41:22",47
"2020-02-12 09:41:24",47
"2020-02-12 10:41:21",47
"2020-02-12 11:41:21",47
"2020-02-12 12:41:23",47
"2020-02-12 14:06:04",47
"2020-02-12 14:41:25",47
"2020-02-12 15:41:23",47
"2020-02-12 16:41:21",48
"2020-02-12 17:41:23",48
"2020-02-12 18:41:24",48
"2020-02-12 19:41:21",48
"2020-02-12 20:41:25",48
"2020-02-12 21:41:22",49
"2020-02-12 22:41:18",49
"2020-02-12 23:41:18",49
"2020-02-13 00:41:22",49
"2020-02-13 01:41:20",49
"2020-02-13 02:41:22",49
"2020-02-13 03:41:22",49
"2020-02-13 04:41:20",49
"2020-02-13 05:41:22",49
"2020-02-13 06:41:24",49
"2020-02-13 07:41:19",49
"2020-02-13 08:41:19",49
"2020-02-13 09:41:19",49
"2020-02-13 10:41:17",49
"2020-02-13 11:41:22",49
"2020-02-13 12:41:18",49
"2020-02-13 14:06:04",49
"2020-02-13 14:41:18",49
"2020-02-13 15:41:22",50
"2020-02-13 16:41:19",50
"2020-02-13 17:41:22",50
"2020-02-13 18:41:23",50
"2020-02-13 19:41:22",50
"2020-02-13 20:41:22",50
"2020-02-13 21:41:21",49
"2020-02-13 22:41:19",49
"2020-02-13 23:41:17",49
"2020-02-14 00:41:19",49
"2020-02-14 01:41:18",49
"2020-02-14 02:41:23",49
"2020-02-14 03:41:18",49
"2020-02-14 04:41:17",49
"2020-02-14 05:41:19",49
"2020-02-14 06:41:18",49
"2020-02-14 07:41:18",49
"2020-02-14 08:41:23",49
"2020-02-14 09:41:20",49
"2020-02-14 10:41:17",49
"2020-02-14 11:41:18",49
"2020-02-14 12:41:17",49
"2020-02-14 13:41:20",49
"2020-02-14 14:41:18",49
"2020-02-14 15:41:25",49
"2020-02-14 16:41:19",49
"2020-02-14 17:41:19",50
"2020-02-14 18:41:18",50
"2020-02-14 19:41:18",50
"2020-02-14 20:41:22",50
"2020-02-14 21:41:17",49
"2020-02-14 22:41:17",49
"2020-02-14 23:41:20",49
"2020-02-15 00:41:18",49
"2020-02-15 01:41:19",49
"2020-02-15 02:41:18",49
"2020-02-15 03:41:19",49
"2020-02-15 04:41:20",49
"2020-02-15 05:41:17",49
"2020-02-15 06:41:18",49
"2020-02-15 07:41:19",49
"2020-02-15 08:41:17",49
"2020-02-15 09:41:20",49
"2020-02-15 10:41:16",49
"2020-02-15 11:41:18",49
"2020-02-15 12:41:21",49
"2020-02-15 13:41:18",49
"2020-02-15 14:41:20",49
"2020-02-15 15:41:19",49
"2020-02-15 16:41:17",49
"2020-02-15 17:41:19",49
"2020-02-15 18:41:22",49
"2020-02-15 19:41:18",49
"2020-02-15 20:41:18",49
"2020-02-15 21:41:18",49
"2020-02-15 22:41:18",49
"2020-02-15 23:41:18",49
"2020-02-16 00:41:16",49
"2020-02-16 01:41:18",49
"2020-02-16 02:41:17",49
"2020-02-16 03:41:17",49
"2020-02-16 04:41:18",49
"2020-02-16 05:41:18",49
"2020-02-16 06:41:17",49
"2020-02-16 07:41:17",49
"2020-02-16 08:41:18",49
"2020-02-16 09:41:18",49
"2020-02-16 10:41:18",49
"2020-02-16 11:41:19",49
"2020-02-16 12:41:18",49
"2020-02-16 13:41:18",49
"2020-02-16 14:41:18",49
"2020-02-16 15:41:24",49
"2020-02-16 16:41:22",49
"2020-02-16 17:41:19",49
"2020-02-16 18:41:19",49
"2020-02-16 19:41:18",49
"2020-02-16 20:41:17",49
"2020-02-16 21:41:17",49
"2020-02-16 22:41:18",49
"2020-02-16 23:41:18",49
"2020-02-17 00:41:18",49
"2020-02-17 01:41:15",49
"2020-02-17 02:41:18",49
"2020-02-17 03:41:18",49
"2020-02-17 04:41:18",49
"2020-02-17 05:41:17",49
"2020-02-17 06:41:20",49
"2020-02-17 07:41:17",49
"2020-02-17 08:41:18",49
"2020-02-17 09:41:19",49
"2020-02-17 10:41:18",49
"2020-02-17 11:41:18",49
"2020-02-17 12:41:19",49
"2020-02-17 13:41:17",49
"2020-02-17 14:41:16",49
"2020-02-17 15:41:19",49
"2020-02-17 16:41:20",49
"2020-02-17 17:41:17",49
"2020-02-17 18:41:18",49
"2020-02-17 19:41:17",49
"2020-02-17 20:41:18",49
"2020-02-17 22:41:17",49
"2020-02-17 23:41:21",49
"2020-02-18 00:41:17",49
"2020-02-18 01:41:17",49
"2020-02-18 02:41:20",49
"2020-02-18 03:41:18",49
"2020-02-18 04:41:19",49
"2020-02-18 05:41:20",49
"2020-02-18 06:41:17",49
"2020-02-18 07:41:17",49
"2020-02-18 08:41:19",49
"2020-02-18 09:41:20",49
"2020-02-18 10:41:18",49
"2020-02-18 11:41:17",49
"2020-02-18 12:41:21",49
"2020-02-18 14:06:34",49
"2020-02-18 14:41:20",49
"2020-02-18 15:41:19",47
"2020-02-18 16:41:20",47
"2020-02-18 17:41:17",46
"2020-02-18 18:41:17",46
"2020-02-18 19:41:16",46
"2020-02-18 20:41:17",46
"2020-02-18 21:41:16",46
"2020-02-18 22:41:16",46
"2020-02-18 23:41:17",46
"2020-02-19 00:41:19",46
"2020-02-19 01:41:17",46
"2020-02-19 02:41:17",46
"2020-02-19 03:41:20",46
"2020-02-19 04:41:17",46
"2020-02-19 05:41:18",46
"2020-02-19 06:41:16",46
"2020-02-19 07:41:18",46
"2020-02-19 08:41:18",46
"2020-02-19 09:41:17",46
"2020-02-19 10:41:16",46
"2020-02-19 11:41:16",46
"2020-02-19 12:41:17",46
"2020-02-19 14:08:03",46
"2020-02-19 14:41:21",46
"2020-02-19 15:41:19",46
"2020-02-19 16:41:17",46
"2020-02-19 17:41:17",46
"2020-02-19 18:41:18",46
"2020-02-19 19:41:17",46
"2020-02-19 20:41:16",46
"2020-02-19 21:41:20",46
"2020-02-19 22:41:19",46
"2020-02-19 23:41:17",46
"2020-02-20 00:41:17",46
"2020-02-20 01:41:18",46
"2020-02-20 02:41:20",46
"2020-02-20 03:41:17",46
"2020-02-20 04:41:16",46
"2020-02-20 05:41:17",46
"2020-02-20 06:41:20",46
"2020-02-20 07:41:16",46
"2020-02-20 08:41:16",46
"2020-02-20 09:41:18",46
"2020-02-20 10:41:19",46
"2020-02-20 11:41:16",46
"2020-02-20 12:41:19",46
"2020-02-20 13:41:20",46
"2020-02-20 14:41:18",46
"2020-02-20 15:41:18",48
"2020-02-20 16:41:17",47
"2020-02-20 17:41:20",47
"2020-02-20 18:41:18",48
"2020-02-20 19:41:23",49
"2020-02-20 20:41:23",49
"2020-02-20 21:41:21",49
"2020-02-20 22:41:20",49
"2020-02-20 23:41:22",49
"2020-02-21 00:41:20",49
"2020-02-21 01:41:21",49
"2020-02-21 02:41:23",49
"2020-02-21 03:41:28",49
"2020-02-21 04:41:28",49
"2020-02-21 05:41:23",49
"2020-02-21 06:41:23",49
"2020-02-21 07:41:23",49
"2020-02-21 08:41:24",49
"2020-02-21 09:41:31",49
"2020-02-21 10:41:38",49
"2020-02-21 11:41:29",49
"2020-02-21 12:41:28",49
"2020-02-21 13:41:28",49
"2020-02-21 14:41:24",49
"2020-02-21 15:41:31",50
"2020-02-21 16:41:35",50
"2020-02-21 17:41:34",50
"2020-02-21 18:41:28",50
"2020-02-21 19:41:23",50
"2020-02-21 20:41:21",51
"2020-02-21 21:41:29",51
"2020-02-21 22:41:23",51
"2020-02-21 23:41:49",51
"2020-02-22 00:41:34",51
"2020-02-22 01:41:25",51
"2020-02-22 02:41:24",51
"2020-02-22 03:41:33",51
"2020-02-22 04:41:28",51
"2020-02-22 05:41:29",51
"2020-02-22 06:41:21",51
"2020-02-22 07:41:29",51
"2020-02-22 08:41:34",51
"2020-02-22 09:41:22",51
"2020-02-22 10:41:26",51
"2020-02-22 11:41:22",51
"2020-02-22 12:41:29",51
"2020-02-22 13:41:50",51
"2020-02-22 14:41:21",51
"2020-02-22 15:41:24",51
"2020-02-22 16:41:30",51
"2020-02-22 17:41:31",51
"2020-02-22 18:41:23",51
"2020-02-22 19:41:24",51
"2020-02-22 20:41:30",51
"2020-02-22 21:41:44",51
"2020-02-22 22:41:34",51
"2020-02-22 23:41:20",51
"2020-02-23 00:41:23",51
"2020-02-23 01:41:25",51
"2020-02-23 02:41:29",51
"2020-02-23 03:41:23",51
"2020-02-23 04:41:31",51
"2020-02-23 05:41:30",51
"2020-02-23 06:41:23",51
"2020-02-23 07:41:27",51
"2020-02-23 08:41:34",51
"2020-02-23 09:41:24",51
"2020-02-23 10:41:24",51
"2020-02-23 11:41:24",51
"2020-02-23 12:41:25",51
"2020-02-23 13:41:24",51
"2020-02-23 14:41:30",51
"2020-02-23 15:41:23",51
"2020-02-23 16:41:24",51
"2020-02-23 17:41:24",51
"2020-02-23 18:41:25",51
"2020-02-23 19:41:25",51
"2020-02-23 20:41:24",51
"2020-02-23 21:41:30",51
"2020-02-23 22:41:20",51
"2020-02-23 23:41:25",51
"2020-02-24 00:41:34",51
"2020-02-24 01:41:22",51
"2020-02-24 02:41:31",51
"2020-02-24 03:41:24",51
"2020-02-24 04:41:27",51
"2020-02-24 05:41:33",51
"2020-02-24 06:41:23",51
"2020-02-24 07:41:23",51
"2020-02-24 08:41:24",51
"2020-02-24 09:54:30",51
"2020-02-24 10:41:21",51
"2020-02-24 11:41:30",51
"2020-02-24 12:41:21",51
"2020-02-24 13:41:28",51
"2020-02-24 14:41:36",51
"2020-02-24 15:41:23",51
"2020-02-24 16:41:29",52
"2020-02-24 17:41:23",52
"2020-02-24 18:41:26",52
"2020-02-24 19:41:33",52
"2020-02-24 20:41:32",52
"2020-02-24 21:41:32",52
"2020-02-24 22:41:31",52
"2020-02-24 23:41:22",52
"2020-02-25 00:41:26",52
"2020-02-25 01:41:22",52
"2020-02-25 02:41:27",52
"2020-02-25 03:41:28",52
"2020-02-25 04:41:26",52
"2020-02-25 05:41:36",52
"2020-02-25 06:41:26",52
"2020-02-25 07:41:27",52
"2020-02-25 08:41:32",52
"2020-02-25 09:55:14",52
"2020-02-25 10:41:31",52
"2020-02-25 11:41:27",52
"2020-02-25 12:41:28",52
"2020-02-25 14:07:33",52
"2020-02-25 14:41:27",52
"2020-02-25 15:41:26",51
"2020-02-25 16:41:25",51
"2020-02-25 17:41:26",51
"2020-02-25 18:41:30",51
"2020-02-25 19:41:25",51
"2020-02-25 20:41:34",51
"2020-02-25 21:41:32",51
"2020-02-25 22:41:25",51
"2020-02-25 23:41:26",51
"2020-02-26 00:41:25",51
"2020-02-26 01:41:24",51
"2020-02-26 02:41:27",51
"2020-02-26 03:41:23",51
"2020-02-26 04:41:34",51
"2020-02-26 05:41:31",51
"2020-02-26 06:41:32",51
"2020-02-26 07:41:36",51
"2020-02-26 08:41:31",51
"2020-02-26 09:41:28",51
"2020-02-26 10:41:26",51
"2020-02-26 11:41:31",51
"2020-02-26 12:41:25",51
"2020-02-26 13:41:30",51
"2020-02-26 14:41:32",51
"2020-02-26 15:41:34",51
"2020-02-26 16:41:25",51
"2020-02-26 17:41:28",51
"2020-02-26 18:41:25",51
"2020-02-26 19:41:32",51
"2020-02-26 20:41:30",51
"2020-02-26 21:41:31",51
"2020-02-26 22:41:30",51
"2020-02-26 23:41:32",51
"2020-02-27 00:41:26",51
"2020-02-27 01:41:25",51
"2020-02-27 02:41:22",51
"2020-02-27 03:41:32",51
"2020-02-27 04:41:22",51
"2020-02-27 05:41:27",51
"2020-02-27 06:41:24",51
"2020-02-27 07:41:25",51
"2020-02-27 08:41:29",51
"2020-02-27 09:41:28",51
"2020-02-27 10:41:33",51
"2020-02-27 11:41:28",51
"2020-02-27 12:41:31",51
"2020-02-27 14:06:03",51
"2020-02-27 14:41:39",51
"2020-02-27 15:41:30",50
"2020-02-27 16:41:31",50
"2020-02-27 17:41:25",50
"2020-02-27 18:41:30",50
"2020-02-27 19:41:22",50
"2020-02-27 20:41:28",50
"2020-02-27 21:41:28",50
"2020-02-27 22:41:31",50
"2020-02-27 23:41:25",50
"2020-02-28 00:41:35",50
"2020-02-28 01:41:26",50
"2020-02-28 02:41:26",50
"2020-02-28 03:41:34",50
"2020-02-28 04:41:37",50
"2020-02-28 05:41:33",50
"2020-02-28 06:41:27",50
"2020-02-28 07:41:35",50
"2020-02-28 08:41:37",50
"2020-02-28 09:41:37",50
"2020-02-28 10:41:27",50
"2020-02-28 11:41:30",50
"2020-02-28 12:41:32",50
"2020-02-28 14:06:37",50
"2020-02-28 14:41:29",50
"2020-02-28 15:41:26",50
"2020-02-28 16:41:28",50
"2020-02-28 17:41:28",50
"2020-02-28 18:41:27",50
"2020-02-28 19:41:34",49
"2020-02-28 20:41:25",49
"2020-02-28 21:41:26",49
"2020-02-28 22:41:33",49
"2020-02-28 23:41:26",49
"2020-02-29 00:41:26",49
"2020-02-29 01:41:26",49
"2020-02-29 02:41:28",49
"2020-02-29 03:41:24",49
"2020-02-29 04:41:28",49
"2020-02-29 05:41:37",49
"2020-02-29 06:41:32",49
"2020-02-29 07:41:49",49
"2020-02-29 08:41:55",49
"2020-02-29 09:41:47",49
"2020-02-29 10:41:26",49
"2020-02-29 11:41:25",49
"2020-02-29 12:41:47",49
"2020-02-29 13:41:48",49
"2020-02-29 14:41:26",49
"2020-02-29 15:41:26",49
"2020-02-29 16:41:34",49
"2020-02-29 17:41:34",49
"2020-02-29 18:41:27",49
"2020-02-29 19:41:27",49
"2020-02-29 20:41:25",49
"2020-02-29 21:41:30",49
"2020-02-29 22:41:57",49
"2020-02-29 23:41:46",49
"2020-03-01 00:41:47",49
"2020-03-01 01:41:48",49
"2020-03-01 02:41:29",49
"2020-03-01 03:41:48",49
"2020-03-01 04:41:27",49
"2020-03-01 05:41:33",49
"2020-03-01 06:41:27",49
"2020-03-01 07:41:33",49
"2020-03-01 08:41:26",49
"2020-03-01 09:41:47",49
"2020-03-01 10:41:46",49
"2020-03-01 11:41:31",49
"2020-03-01 12:41:33",49
"2020-03-01 13:41:26",49
"2020-03-01 14:41:25",49
"2020-03-01 15:41:48",49
"2020-03-01 16:41:34",49
"2020-03-01 17:41:47",49
"2020-03-01 18:41:49",49
"2020-03-01 19:41:49",49
"2020-03-01 20:41:49",49
"2020-03-01 21:41:27",49
"2020-03-01 22:41:27",49
"2020-03-01 23:41:48",49
"2020-03-02 00:41:24",49
"2020-03-02 01:41:34",49
"2020-03-02 02:41:47",49
"2020-03-02 03:41:56",49
"2020-03-02 04:41:37",49
"2020-03-02 05:41:49",49
"2020-03-02 07:41:26",49
"2020-03-02 08:41:47",49
"2020-03-02 09:41:47",49
"2020-03-02 10:41:32",49
"2020-03-02 11:41:25",49
"2020-03-02 12:41:32",49
"2020-03-02 13:41:47",49
"2020-03-02 18:43:04",49
"2020-03-03 00:41:31",50
"2020-03-03 01:41:36",50
"2020-03-03 02:41:33",50
"2020-03-03 03:41:37",50
"2020-03-03 04:41:46",50
"2020-03-03 05:43:35",50
"2020-03-03 06:41:47",50
"2020-03-03 07:41:32",50
"2020-03-03 08:41:56",50
"2020-03-03 09:41:59",50
"2020-03-03 10:41:32",50
"2020-03-03 11:42:02",50
"2020-03-03 12:41:30",50
"2020-03-03 13:41:57",50
"2020-03-03 14:41:57",51
"2020-03-03 16:42:03",51
"2020-03-03 17:41:58",51
"2020-03-03 18:41:24",51
"2020-03-03 19:41:24",51
"2020-03-03 20:41:33",51
"2020-03-03 21:41:31",51
"2020-03-03 22:42:05",51
"2020-03-03 23:41:46",51
"2020-03-04 00:41:53",51
"2020-03-04 01:41:47",51
"2020-03-04 02:41:27",51
"2020-03-04 03:41:32",51
"2020-03-04 04:41:58",51
"2020-03-04 05:41:28",51
"2020-03-04 06:41:49",51
"2020-03-04 07:41:30",51
"2020-03-04 08:41:47",51
"2020-03-04 09:41:35",51
"2020-03-04 10:41:25",51
"2020-03-04 11:41:53",51
"2020-03-04 12:41:54",51
"2020-03-04 13:41:25",51
"2020-03-04 14:41:24",51
"2020-03-04 15:41:57",51
"2020-03-04 16:41:25",51
"2020-03-04 17:41:31",51
"2020-03-04 18:41:46",51
"2020-03-04 19:41:49",52
"2020-03-04 20:41:49",52
"2020-03-04 21:41:25",52
"2020-03-04 22:41:46",52
"2020-03-04 23:41:28",52
"2020-03-05 00:41:29",52
"2020-03-05 01:41:33",52
"2020-03-05 02:41:25",52
"2020-03-05 03:41:26",52
"2020-03-05 04:41:32",52
"2020-03-05 05:41:32",52
"2020-03-05 06:41:26",52
"2020-03-05 07:41:26",52
"2020-03-05 08:41:59",52
"2020-03-05 09:41:34",52
"2020-03-05 10:41:25",52
"2020-03-05 11:41:31",52
"2020-03-05 12:41:32",52
"2020-03-05 13:41:35",52
"2020-03-05 14:41:48",52
"2020-03-05 15:41:34",51
"2020-03-05 16:41:48",51
"2020-03-05 17:41:25",51
"2020-03-05 18:41:27",51
"2020-03-05 19:41:26",52
"2020-03-05 20:41:25",52
"2020-03-05 21:41:26",52
"2020-03-05 22:41:48",52
"2020-03-05 23:41:50",52
"2020-03-06 00:41:26",52
"2020-03-06 01:41:27",52
"2020-03-06 02:41:50",52
"2020-03-06 03:41:48",52
"2020-03-06 04:41:50",52
"2020-03-06 05:41:50",52
"2020-03-06 06:41:55",52
"2020-03-06 07:41:49",52
"2020-03-06 08:41:30",52
"2020-03-06 09:41:52",52
"2020-03-06 10:41:29",52
"2020-03-06 11:41:56",52
"2020-03-06 12:41:32",52
"2020-03-06 13:41:25",52
"2020-03-06 14:42:01",52
"2020-03-06 15:41:34",52
"2020-03-06 16:41:34",52
"2020-03-06 17:41:31",52
"2020-03-06 18:41:27",52
"2020-03-06 19:41:33",52
"2020-03-06 20:41:28",52
"2020-03-06 21:41:27",52
"2020-03-06 22:41:27",52
"2020-03-06 23:41:35",52
"2020-03-07 00:41:27",52
"2020-03-07 01:41:34",52
"2020-03-07 02:41:29",52
"2020-03-07 03:41:58",52
"2020-03-07 04:41:57",52
"2020-03-07 05:41:51",52
"2020-03-07 06:41:51",52
"2020-03-07 07:41:39",52
"2020-03-07 08:41:50",52
"2020-03-07 09:41:32",52
"2020-03-07 10:41:35",52
"2020-03-07 11:41:49",52
"2020-03-07 12:41:34",52
"2020-03-07 13:41:28",52
"2020-03-07 14:41:30",52
"2020-03-07 15:41:30",52
"2020-03-07 16:41:27",52
"2020-03-07 17:41:35",52
"2020-03-07 18:41:29",52
"2020-03-07 19:41:30",52
"2020-03-07 20:41:52",52
"2020-03-07 21:41:58",52
"2020-03-07 22:41:52",52
"2020-03-07 23:41:50",52
"2020-03-08 00:41:28",52
"2020-03-08 01:41:36",52
"2020-03-08 02:41:38",52
"2020-03-08 03:41:51",52
"2020-03-08 04:41:50",52
"2020-03-08 05:41:54",52
"2020-03-08 06:41:41",52
"2020-03-08 07:41:52",52
"2020-03-08 08:41:53",52
"2020-03-08 09:41:37",52
"2020-03-08 10:41:54",52
"2020-03-08 11:41:34",52
"2020-03-08 12:41:58",52
"2020-03-08 13:41:59",52
"2020-03-08 14:41:26",52
"2020-03-08 15:41:55",52
"2020-03-08 16:41:27",52
"2020-03-08 17:41:31",52
"2020-03-08 18:42:00",52
"2020-03-08 19:41:43",52
"2020-03-08 20:41:36",52
"2020-03-08 21:41:27",52
"2020-03-08 22:41:49",52
"2020-03-08 23:41:29",52
"2020-03-09 00:41:53",52
"2020-03-09 01:41:27",52
"2020-03-09 02:41:53",52
"2020-03-09 03:41:52",52
"2020-03-09 04:41:53",52
"2020-03-09 05:41:28",52
"2020-03-09 06:41:29",52
"2020-03-09 07:41:29",52
"2020-03-09 08:41:28",52
"2020-03-09 09:41:34",52
"2020-03-09 10:41:49",52
"2020-03-09 11:41:51",52
"2020-03-09 12:41:39",52
"2020-03-09 13:41:30",52
"2020-03-09 14:41:58",52
"2020-03-09 15:41:40",52
"2020-03-09 16:41:33",53
"2020-03-09 17:41:28",52
"2020-03-09 18:41:27",52
"2020-03-09 19:41:28",52
"2020-03-09 20:41:29",52
"2020-03-09 21:41:49",52
"2020-03-09 22:41:49",52
"2020-03-09 23:41:56",52
"2020-03-10 00:41:25",52
"2020-03-10 01:41:49",52
"2020-03-10 02:41:35",52
"2020-03-10 03:41:58",52
"2020-03-10 04:41:34",52
"2020-03-10 06:41:56",52
"2020-03-10 07:41:57",52
"2020-03-10 08:41:30",52
"2020-03-10 09:41:49",52
"2020-03-10 10:41:48",52
"2020-03-10 11:41:50",52
"2020-03-10 12:41:34",52
"2020-03-10 13:41:37",52
"2020-03-10 14:41:59",54
"2020-03-10 15:41:57",54
"2020-03-10 16:41:26",54
"2020-03-10 17:41:51",53
"2020-03-10 18:41:51",53
"2020-03-10 19:41:51",53
"2020-03-10 20:42:16",53
"2020-03-10 21:41:57",53
"2020-03-10 22:41:51",53
"2020-03-10 23:41:33",53
"2020-03-11 00:41:53",53
"2020-03-11 01:41:55",53
"2020-03-11 02:41:58",53
"2020-03-11 03:41:35",53
"2020-03-11 04:41:34",53
"2020-03-11 05:41:58",53
"2020-03-11 06:41:54",53
"2020-03-11 07:41:27",53
"2020-03-11 08:41:36",53
"2020-03-11 09:41:25",53
"2020-03-11 10:41:28",53
"2020-03-11 11:41:51",53
"2020-03-11 12:41:58",53
"2020-03-11 13:41:52",53
"2020-03-11 14:41:34",54
"2020-03-11 15:41:29",54
"2020-03-11 16:41:55",54
"2020-03-11 17:41:34",54
"2020-03-11 18:41:26",53
"2020-03-11 19:41:56",53
"2020-03-11 20:41:57",53
"2020-03-11 21:41:34",53
"2020-03-11 22:41:34",53
"2020-03-11 23:41:38",53
"2020-03-12 00:41:26",53
"2020-03-12 01:41:52",53
"2020-03-12 02:41:33",53
"2020-03-12 03:41:50",53
"2020-03-12 04:41:55",53
"2020-03-12 05:41:34",53
"2020-03-12 06:41:29",53
"2020-03-12 07:41:31",53
"2020-03-12 08:41:55",53
"2020-03-12 09:41:41",53
"2020-03-12 10:41:52",53
"2020-03-12 11:41:50",53
"2020-03-12 12:41:49",53
"2020-03-12 13:41:56",53
"2020-03-12 14:41:28",53
"2020-03-12 15:41:25",54
"2020-03-12 16:41:29",54
"2020-03-12 17:41:26",54
"2020-03-12 18:41:57",54
"2020-03-12 19:41:34",54
"2020-03-12 20:41:29",54
"2020-03-12 21:41:58",54
"2020-03-12 22:41:26",54
"2020-03-12 23:41:59",54
"2020-03-13 00:41:59",54
"2020-03-13 01:41:27",54
"2020-03-13 02:41:50",54
"2020-03-13 03:41:51",54
"2020-03-13 04:41:32",54
"2020-03-13 05:41:35",54
"2020-03-13 06:42:01",54
"2020-03-13 07:42:01",54
"2020-03-13 08:42:04",54
"2020-03-13 09:42:04",54
"2020-03-13 10:41:35",54
"2020-03-13 11:41:48",54
"2020-03-13 13:06:06",54
"2020-03-13 13:41:37",54
"2020-03-13 14:41:35",54
"2020-03-13 15:41:36",54
"2020-03-13 16:41:51",54
"2020-03-13 17:41:48",53
"2020-03-13 18:41:57",53
"2020-03-13 19:41:50",53
"2020-03-13 20:41:30",54
"2020-03-13 21:41:33",54
"2020-03-13 22:41:28",54
"2020-03-13 23:41:48",54
"2020-03-14 00:41:35",54
"2020-03-14 01:41:55",54
"2020-03-14 02:41:52",54
"2020-03-14 03:41:33",54
"2020-03-14 04:41:57",54
"2020-03-14 05:41:53",54
"2020-03-14 06:41:36",54
"2020-03-14 07:41:57",54
"2020-03-14 08:41:51",54
"2020-03-14 09:41:51",54
"2020-03-14 10:41:32",54
"2020-03-14 11:41:29",54
"2020-03-14 12:41:33",54
"2020-03-14 13:41:29",54
"2020-03-14 14:41:49",54
"2020-03-14 15:41:28",54
"2020-03-14 16:41:50",54
"2020-03-14 17:41:35",54
"2020-03-14 18:41:51",54
"2020-03-14 19:41:35",54
"2020-03-14 20:41:53",54
"2020-03-14 21:41:51",54
"2020-03-14 22:41:56",54
"2020-03-14 23:41:48",54
"2020-03-15 00:41:31",54
"2020-03-15 01:41:33",54
"2020-03-15 02:41:56",54
"2020-03-15 03:41:55",54
"2020-03-15 04:41:29",54
"2020-03-15 05:41:57",54
"2020-03-15 06:41:35",54
"2020-03-15 07:42:00",54
"2020-03-15 08:58:52",54
"2020-03-15 09:41:40",54
"2020-03-15 10:41:48",54
"2020-03-15 11:41:57",54
"2020-03-15 12:41:51",54
"2020-03-15 13:41:29",54
"2020-03-15 14:41:39",54
"2020-03-15 15:41:33",54
"2020-03-15 16:41:48",54
"2020-03-15 17:41:34",54
"2020-03-15 18:41:55",54
"2020-03-15 19:41:51",54
"2020-03-15 20:41:36",54
"2020-03-15 21:41:35",54
"2020-03-15 22:41:48",54
"2020-03-15 23:41:47",54
"2020-03-16 00:41:27",54
"2020-03-16 01:41:29",54
"2020-03-16 02:41:27",54
"2020-03-16 03:41:46",54
"2020-03-16 04:41:51",54
"2020-03-16 05:41:58",54
"2020-03-16 06:41:33",54
"2020-03-16 07:41:57",54
"2020-03-16 08:57:29",54
"2020-03-16 09:41:49",54
"2020-03-16 10:41:36",54
"2020-03-16 11:41:49",54
"2020-03-16 13:07:37",54
"2020-03-16 13:41:53",54
"2020-03-16 14:41:35",53
"2020-03-16 15:41:50",53
"2020-03-16 16:41:28",53
"2020-03-16 17:41:34",53
"2020-03-16 18:41:28",54
"2020-03-16 19:41:56",54
"2020-03-16 20:41:27",55
"2020-03-16 21:41:34",55
"2020-03-16 22:41:28",55
"2020-03-16 23:41:51",55
"2020-03-17 00:41:49",55
"2020-03-17 01:41:31",55
"2020-03-17 02:41:50",55
"2020-03-17 20:09:31",56
"2020-03-17 20:17:19",56
"2020-03-17 20:41:35",56
"2020-03-17 21:41:29",56
"2020-03-17 22:41:29",56
"2020-03-17 23:41:30",56
"2020-03-18 00:41:34",56
"2020-03-18 01:41:37",56
"2020-03-18 02:41:36",56
"2020-03-18 03:41:36",56
"2020-03-18 04:41:37",56
"2020-03-18 05:41:33",56
"2020-03-18 06:41:29",56
"2020-03-18 07:41:36",56
"2020-03-18 08:41:28",56
"2020-03-18 09:41:35",56
"2020-03-18 10:41:28",56
"2020-03-18 11:41:27",56
"2020-03-18 13:07:37",56
"2020-03-18 13:41:38",56
"2020-03-18 14:41:31",56
"2020-03-18 15:41:31",56
"2020-03-18 16:41:29",56
"2020-03-18 17:41:35",56
"2020-03-18 18:41:27",56
"2020-03-18 19:41:35",56
"2020-03-18 20:41:31",56
"2020-03-18 21:41:32",56
"2020-03-18 22:41:28",56
"2020-03-18 23:41:33",56
"2020-03-19 00:41:32",56
"2020-03-19 01:41:33",56
"2020-03-19 02:41:27",56
"2020-03-19 03:41:26",56
"2020-03-19 04:41:30",56
"2020-03-19 05:41:55",56
"2020-03-19 06:41:29",56
"2020-03-19 07:41:30",56
"2020-03-19 08:41:29",56
"2020-03-19 09:41:33",56
"2020-03-19 10:41:27",56
"2020-03-19 11:41:29",56
"2020-03-19 12:41:29",56
"2020-03-19 13:41:29",56
"2020-03-19 14:41:30",56
"2020-03-19 15:41:31",56
"2020-03-19 16:41:29",56
"2020-03-19 17:41:30",57
"2020-03-19 18:41:26",57
"2020-03-19 19:41:32",57
"2020-03-19 20:41:38",57
"2020-03-19 21:41:34",57
"2020-03-19 22:41:27",57
"2020-03-19 23:41:41",57
"2020-03-20 00:41:29",57
"2020-03-20 01:41:28",57
"2020-03-20 02:41:43",57
"2020-03-20 03:41:33",57
"2020-03-20 04:41:30",57
"2020-03-20 06:41:39",57
"2020-03-20 07:41:32",57
"2020-03-20 08:41:42",57
"2020-03-20 09:41:35",57
"2020-03-20 10:41:30",57
"2020-03-20 11:41:30",57
"2020-03-20 13:06:35",57
"2020-03-20 13:41:36",57
"2020-03-20 14:41:29",57
"2020-03-20 15:41:28",56
"2020-03-20 16:41:29",56
"2020-03-20 17:41:30",56
"2020-03-20 18:41:27",56
"2020-03-20 19:41:30",57
"2020-03-20 20:41:29",57
"2020-03-20 21:41:27",57
"2020-03-20 22:41:35",57
"2020-03-20 23:41:38",57
"2020-03-21 00:41:33",57
"2020-03-21 01:41:29",57
"2020-03-21 02:41:35",57
"2020-03-21 03:41:37",57
"2020-03-21 04:41:29",57
"2020-03-21 05:41:28",57
"2020-03-21 06:41:29",57
"2020-03-21 07:41:35",57
"2020-03-21 08:41:36",57
"2020-03-21 09:41:30",57
"2020-03-21 10:41:31",57
"2020-03-21 11:41:33",57
"2020-03-21 12:41:26",57
"2020-03-21 13:41:29",57
"2020-03-21 14:41:40",57
"2020-03-21 15:41:34",57
"2020-03-21 16:41:33",57
"2020-03-21 17:41:38",57
"2020-03-21 18:41:30",57
"2020-03-21 19:41:31",57
"2020-03-21 20:41:26",57
"2020-03-21 21:41:30",57
"2020-03-21 22:41:29",57
"2020-03-21 23:41:31",57
"2020-03-22 00:41:26",57
"2020-03-22 01:41:34",57
"2020-03-22 02:41:28",57
"2020-03-22 03:41:42",57
"2020-03-22 04:41:31",57
"2020-03-22 05:41:32",57
"2020-03-22 06:41:36",57
"2020-03-22 07:41:38",57
"2020-03-22 09:13:16",57
"2020-03-22 09:41:30",57
"2020-03-22 10:41:35",57
"2020-03-22 11:41:28",57
"2020-03-22 12:41:35",57
"2020-03-22 21:51:30",57
"2020-03-22 22:41:35",57
"2020-03-22 23:41:30",57
"2020-03-23 00:41:46",57
"2020-03-23 01:41:42",57
"2020-03-23 02:41:28",57
"2020-03-23 03:41:31",57
"2020-03-23 04:41:31",57
"2020-03-23 05:41:33",57
"2020-03-23 06:41:31",57
"2020-03-23 07:41:29",57
"2020-03-23 08:41:32",57
"2020-03-23 09:41:37",57
"2020-03-23 10:41:29",57
"2020-03-23 11:41:34",57
"2020-03-23 13:06:04",57
"2020-03-23 13:41:42",57
"2020-03-23 14:41:35",57
"2020-03-23 15:41:34",58
"2020-03-23 16:41:36",59
"2020-03-23 17:41:30",60
"2020-03-23 18:41:28",60
"2020-03-23 19:41:34",60
"2020-03-23 20:41:35",61
"2020-03-23 21:41:30",61
"2020-03-23 22:41:30",61
"2020-03-23 23:41:33",61
"2020-03-24 00:41:27",61
"2020-03-24 01:41:30",61
"2020-03-24 02:41:29",61
"2020-03-24 03:41:28",61
"2020-03-24 04:41:36",61
"2020-03-24 05:41:49",61
"2020-03-24 06:41:35",61
"2020-03-24 07:41:38",61
"2020-03-24 09:07:36",61
"2020-03-24 09:41:28",61
"2020-03-24 10:41:30",61
"2020-03-24 11:41:31",61
"2020-03-24 12:41:25",61
"2020-03-24 13:41:41",61
"2020-03-24 14:41:47",60
"2020-03-24 15:41:40",59
"2020-03-24 16:41:44",59
"2020-03-24 17:41:36",60
"2020-03-24 18:41:35",60
"2020-03-24 19:41:30",60
"2020-03-24 20:41:27",60
"2020-03-24 21:41:26",60
"2020-03-24 22:41:35",60
"2020-03-24 23:41:36",60
"2020-03-25 00:41:27",60
"2020-03-25 01:41:29",60
"2020-03-25 02:41:29",60
"2020-03-25 03:41:27",60
"2020-03-25 04:41:25",60
"2020-03-25 06:41:36",60
"2020-03-25 07:41:28",60
"2020-03-25 09:41:30",60
"2020-03-25 10:41:28",60
"2020-03-25 11:41:34",60
"2020-03-25 12:41:35",60
"2020-03-25 13:41:37",60
"2020-03-25 14:41:37",61
"2020-03-25 15:41:40",62
"2020-03-25 16:41:36",62
"2020-03-25 17:41:29",62
"2020-03-25 18:41:27",64
"2020-03-25 19:41:27",64
"2020-03-25 20:41:31",64
"2020-03-25 21:41:26",64
"2020-03-25 22:41:27",64
"2020-03-25 23:41:28",64
"2020-03-26 02:04:24",64
"2020-03-26 02:41:32",64
"2020-03-26 03:41:35",64
"2020-03-26 04:41:41",64
"2020-03-26 05:41:31",64
"2020-03-26 06:41:30",64
"2020-03-26 07:41:32",64
"2020-03-26 08:41:28",64
"2020-03-26 09:41:35",64
"2020-03-26 10:41:27",64
"2020-03-26 11:41:29",64
"2020-03-26 12:41:29",64
"2020-03-26 13:41:28",64
"2020-03-26 14:41:31",65
"2020-03-26 15:41:31",64
"2020-03-26 16:41:28",61
"2020-03-26 17:41:33",61
"2020-03-26 18:41:28",61
"2020-03-26 19:41:27",61
"2020-03-26 20:41:29",62
"2020-03-26 21:41:32",62
"2020-03-26 22:41:26",62
"2020-03-26 23:41:35",62
"2020-03-27 00:41:31",62
"2020-03-27 01:41:33",62
"2020-03-27 02:41:35",62
"2020-03-27 03:41:30",62
"2020-03-27 04:41:32",62
"2020-03-27 05:41:29",62
"2020-03-27 06:41:33",62
"2020-03-27 07:41:36",62
"2020-03-27 08:42:00",62
"2020-03-27 09:41:42",62
"2020-03-27 10:41:31",62
"2020-03-27 11:41:28",62
"2020-03-27 12:41:27",62
"2020-03-27 13:41:31",62
"2020-03-27 14:41:28",62
"2020-03-27 15:41:30",62
"2020-03-27 16:41:31",61
"2020-03-27 17:41:29",61
"2020-03-27 18:41:36",60
"2020-03-27 19:41:29",60
"2020-03-27 20:41:28",61
"2020-03-27 21:41:36",61
"2020-03-27 22:41:31",61
"2020-03-27 23:41:33",61
"2020-03-28 00:41:35",61
"2020-03-28 01:41:24",61
"2020-03-28 02:41:28",61
"2020-03-28 03:41:30",61
"2020-03-28 04:41:28",61
"2020-03-28 05:41:41",61
"2020-03-28 06:41:32",61
"2020-03-28 07:41:27",61
"2020-03-28 08:41:30",61
"2020-03-28 09:41:34",61
"2020-03-28 10:41:37",61
"2020-03-28 11:41:30",61
"2020-03-28 12:41:35",61
"2020-03-28 13:41:34",61
"2020-03-28 14:41:32",61
"2020-03-28 15:41:28",61
"2020-03-28 16:41:28",61
"2020-03-28 17:41:30",61
"2020-03-28 18:41:31",61
"2020-03-28 19:41:29",61
"2020-03-28 20:41:30",61
"2020-03-28 21:41:27",61
"2020-03-28 22:41:41",61
"2020-03-28 23:41:31",61
"2020-03-29 00:41:32",61
"2020-03-29 01:41:35",61
"2020-03-29 02:41:43",61
"2020-03-29 03:41:45",61
"2020-03-29 04:41:38",61
"2020-03-29 05:41:34",61
"2020-03-29 06:41:44",61
"2020-03-29 07:41:35",61
"2020-03-29 08:41:32",61
"2020-03-29 09:41:31",61
"2020-03-29 10:41:41",61
"2020-03-29 11:41:31",61
"2020-03-29 12:41:28",61
"2020-03-29 13:41:29",61
"2020-03-29 14:41:27",61
"2020-03-29 15:41:29",61
"2020-03-29 16:41:29",61
"2020-03-29 17:41:36",61
"2020-03-29 18:41:30",61
"2020-03-29 19:41:30",61
"2020-03-29 20:41:29",61
"2020-03-29 21:41:41",61
"2020-03-29 22:41:31",61
"2020-03-29 23:41:30",61
"2020-03-30 00:41:31",61
"2020-03-30 01:41:30",61
"2020-03-30 02:41:38",61
"2020-03-30 03:41:32",61
"2020-03-30 04:41:39",61
"2020-03-30 05:41:27",61
"2020-03-30 06:41:30",61
"2020-03-30 07:41:40",61
"2020-03-30 08:41:31",61
"2020-03-30 09:41:30",61
"2020-03-30 10:41:29",61
"2020-03-30 11:41:27",61
"2020-03-30 12:41:29",61
"2020-03-30 13:41:35",61
"2020-03-30 14:41:29",61
"2020-03-30 15:41:38",62
"2020-03-30 16:41:30",63
"2020-03-30 17:41:34",63
"2020-03-30 18:41:31",61
"2020-03-30 19:41:36",62
"2020-03-30 20:41:29",63
"2020-03-30 21:41:35",63
"2020-03-30 22:41:31",63
"2020-03-30 23:41:30",63
"2020-03-31 00:41:29",63
"2020-03-31 01:41:31",63
"2020-03-31 02:41:30",63
"2020-03-31 03:41:33",63
"2020-03-31 04:41:31",63
"2020-03-31 05:41:31",63
"2020-03-31 06:41:30",63
"2020-03-31 07:41:33",63
"2020-03-31 08:41:32",63
"2020-03-31 09:41:35",63
"2020-03-31 10:41:32",63
"2020-03-31 11:41:57",63
"2020-03-31 13:05:07",63
"2020-03-31 13:41:32",63
"2020-03-31 14:41:40",63
"2020-03-31 15:41:32",63
"2020-03-31 16:41:41",63
"2020-03-31 17:41:31",63
"2020-03-31 18:41:38",63
"2020-03-31 19:41:29",62
"2020-03-31 20:41:36",62
"2020-03-31 21:41:31",62
"2020-03-31 22:41:33",62
"2020-03-31 23:41:38",62
"2020-04-01 00:41:33",62
"2020-04-01 01:41:33",62
"2020-04-01 02:41:31",62
"2020-04-01 03:41:34",62
"2020-04-01 04:41:38",62
"2020-04-01 05:41:44",62
"2020-04-01 06:41:34",62
"2020-04-01 07:41:40",62
"2020-04-01 08:41:31",62
"2020-04-01 09:41:35",62
"2020-04-01 10:41:30",62
"2020-04-01 11:41:43",62
"2020-04-01 13:08:07",62
"2020-04-01 13:41:34",62
"2020-04-01 14:41:44",63
"2020-04-01 15:41:39",63
"2020-04-01 16:41:31",63
"2020-04-01 17:41:30",63
"2020-04-01 18:41:29",63
"2020-04-01 19:41:33",63
"2020-04-01 20:41:34",63
"2020-04-01 21:41:30",63
"2020-04-01 22:41:29",63
"2020-04-01 23:41:38",63
"2020-04-02 00:41:32",63
"2020-04-02 01:41:39",63
"2020-04-02 02:41:33",63
"2020-04-02 03:41:38",63
"2020-04-02 04:41:32",63
"2020-04-02 05:41:34",63
"2020-04-02 06:41:29",63
"2020-04-02 07:41:39",63
"2020-04-02 08:41:48",63
"2020-04-02 09:41:38",63
"2020-04-02 10:41:32",63
"2020-04-02 11:41:31",63
"2020-04-02 13:09:06",63
"2020-04-02 13:41:41",63
"2020-04-02 14:41:29",61
"2020-04-02 15:41:36",61
"2020-04-02 16:41:28",61
"2020-04-02 17:41:30",61
"2020-04-02 18:41:43",61
"2020-04-02 19:41:31",60
"2020-04-02 20:41:40",60
"2020-04-02 21:41:47",60
"2020-04-02 22:41:42",60
"2020-04-02 23:41:31",60
"2020-04-03 00:41:35",60
"2020-04-03 01:41:40",60
"2020-04-03 02:41:34",60
"2020-04-03 03:41:32",60
"2020-04-03 04:41:37",60
"2020-04-03 05:41:40",60
"2020-04-03 06:41:36",60
"2020-04-03 08:41:35",60
"2020-04-03 09:41:32",60
"2020-04-03 10:41:40",60
"2020-04-03 11:41:32",60
"2020-04-03 13:10:08",60
"2020-04-03 13:41:38",60
"2020-04-03 14:41:35",59
"2020-04-03 15:41:40",59
"2020-04-03 16:41:38",59
"2020-04-03 17:41:39",59
"2020-04-03 18:41:40",59
"2020-04-03 19:41:30",59
"2020-04-03 20:41:31",59
"2020-04-03 21:41:34",59
"2020-04-03 22:41:45",59
"2020-04-03 23:41:33",59
"2020-04-04 00:41:31",59
"2020-04-04 01:41:38",59
"2020-04-04 02:41:32",59
"2020-04-04 03:41:34",59
"2020-04-04 04:41:35",59
"2020-04-04 05:41:37",59
"2020-04-04 06:41:32",59
"2020-04-04 07:41:40",59
"2020-04-04 08:41:38",59
"2020-04-04 09:41:36",59
"2020-04-04 10:41:30",59
"2020-04-04 11:41:31",59
"2020-04-04 12:41:31",59
"2020-04-04 13:41:31",59
"2020-04-04 14:41:36",59
"2020-04-04 15:41:29",59
"2020-04-04 16:41:31",59
"2020-04-04 17:41:31",59
"2020-04-04 18:41:31",59
"2020-04-04 19:41:33",59
"2020-04-04 20:41:30",59
"2020-04-04 21:41:29",59
"2020-04-04 22:41:40",59
"2020-04-04 23:41:30",59
"2020-04-05 00:41:44",59
"2020-04-05 01:41:37",59
"2020-04-05 02:41:29",59
"2020-04-05 03:41:31",59
"2020-04-05 04:41:38",59
"2020-04-05 05:41:37",59
"2020-04-05 06:41:39",59
"2020-04-05 07:41:32",59
"2020-04-05 08:41:33",59
"2020-04-05 09:41:29",59
"2020-04-05 10:41:40",59
"2020-04-05 11:41:37",59
"2020-04-05 12:41:30",59
"2020-04-05 13:41:38",59
"2020-04-05 14:41:31",59
"2020-04-05 15:41:31",59
"2020-04-05 16:41:39",59
"2020-04-05 17:41:28",59
"2020-04-05 18:41:30",59
"2020-04-05 19:41:29",59
"2020-04-05 20:41:32",59
"2020-04-05 21:41:32",59
"2020-04-05 22:41:36",59
"2020-04-05 23:41:29",59
"2020-04-06 00:41:29",59
"2020-04-06 01:41:32",59
"2020-04-06 02:41:37",59
"2020-04-06 03:41:44",59
"2020-04-06 04:41:32",59
"2020-04-06 05:41:36",59
"2020-04-06 06:41:36",59
"2020-04-06 07:41:33",59
"2020-04-06 08:41:39",59
"2020-04-06 09:41:34",59
"2020-04-06 10:41:35",59
"2020-04-06 11:41:29",59
"2020-04-06 12:41:35",59
"2020-04-06 13:41:36",59
"2020-04-06 14:41:32",59
"2020-04-06 15:41:33",60
"2020-04-06 16:41:32",60
"2020-04-06 17:41:31",60
"2020-04-06 18:42:08",60
"2020-04-06 19:41:38",60
"2020-04-06 20:41:31",61
"2020-04-06 21:41:30",61
"2020-04-06 22:41:32",61
"2020-04-06 23:41:36",61
"2020-04-07 00:41:33",61
"2020-04-07 01:41:35",61
"2020-04-07 02:41:32",61
"2020-04-07 03:41:32",61
"2020-04-07 04:41:31",61
"2020-04-07 05:41:29",61
"2020-04-07 06:41:34",61
"2020-04-07 07:41:34",61
"2020-04-07 08:41:37",61
"2020-04-07 09:41:32",61
"2020-04-07 10:41:28",61
"2020-04-07 11:41:30",61
"2020-04-07 12:41:33",61
"2020-04-07 13:41:34",61
"2020-04-07 14:41:32",61
"2020-04-07 15:41:31",61
"2020-04-07 16:41:35",61
"2020-04-07 17:41:30",60
"2020-04-07 18:41:31",60
"2020-04-07 19:41:29",61
"2020-04-07 20:41:33",62
"2020-04-07 21:41:34",62
"2020-04-07 22:41:30",62
"2020-04-07 23:41:31",62
"2020-04-08 00:41:33",62
"2020-04-08 01:41:29",62
"2020-04-08 02:41:28",62
"2020-04-08 03:41:33",62
"2020-04-08 04:41:28",62
"2020-04-08 06:41:32",62
"2020-04-08 07:41:35",62
"2020-04-08 08:41:35",62
"2020-04-08 09:41:35",62
"2020-04-08 10:41:30",62
"2020-04-08 11:41:30",62
"2020-04-08 12:41:30",62
"2020-04-08 13:41:32",62
"2020-04-08 14:41:30",62
"2020-04-08 15:41:34",61
"2020-04-08 16:41:31",60
"2020-04-08 17:41:36",60
"2020-04-08 18:41:30",60
"2020-04-08 19:41:35",60
"2020-04-08 20:41:34",60
"2020-04-08 21:41:33",60
"2020-04-08 22:41:29",60
"2020-04-08 23:41:32",60
"2020-04-09 00:41:30",60
"2020-04-09 01:41:32",60
"2020-04-09 02:41:31",60
"2020-04-09 03:41:31",60
"2020-04-09 04:41:37",60
"2020-04-09 05:41:34",60
"2020-04-09 06:41:37",60
"2020-04-09 07:41:29",60
"2020-04-09 08:41:30",60
"2020-04-09 09:41:29",60
"2020-04-09 10:41:31",60
"2020-04-09 11:41:30",60
"2020-04-09 12:41:29",60
"2020-04-09 13:41:33",60
"2020-04-09 14:41:33",60
"2020-04-09 15:41:27",59
"2020-04-09 16:41:31",60
"2020-04-09 17:41:31",61
"2020-04-09 18:41:27",61
"2020-04-09 19:41:34",61
"2020-04-09 20:41:29",61
"2020-04-09 21:41:31",61
"2020-04-09 22:41:29",62
"2020-04-09 23:41:29",62
"2020-04-10 00:41:31",62
"2020-04-10 01:41:29",62
"2020-04-10 02:41:32",62
"2020-04-10 03:41:32",62
"2020-04-10 04:41:30",62
"2020-04-10 05:41:33",62
"2020-04-10 06:41:30",62
"2020-04-10 07:41:31",62
"2020-04-10 08:41:32",62
"2020-04-10 09:41:31",62
"2020-04-10 10:41:34",62
"2020-04-10 11:41:31",62
"2020-04-10 12:41:31",62
"2020-04-10 13:41:30",62
"2020-04-10 14:41:34",62
"2020-04-10 15:41:32",62
"2020-04-10 16:41:29",62
"2020-04-10 17:41:33",62
"2020-04-10 18:41:30",62
"2020-04-10 19:41:31",62
"2020-04-10 20:41:38",62
"2020-04-10 21:41:26",62
"2020-04-10 22:41:25",62
"2020-04-10 23:41:25",62
"2020-04-11 00:41:27",62
"2020-04-11 01:41:25",62
"2020-04-11 02:41:25",62
"2020-04-11 03:41:25",62
"2020-04-11 04:41:26",62
"2020-04-11 05:41:26",62
"2020-04-11 06:41:25",62
"2020-04-11 07:41:25",62
"2020-04-11 08:41:23",62
"2020-04-11 09:41:23",62
"2020-04-11 10:41:26",62
"2020-04-11 11:41:23",62
"2020-04-11 12:41:24",62
"2020-04-11 13:41:27",62
"2020-04-11 14:41:24",62
"2020-04-11 15:41:27",62
"2020-04-11 16:41:26",62
"2020-04-11 17:41:26",62
"2020-04-11 18:41:26",62
"2020-04-11 19:41:24",62
"2020-04-11 20:41:23",62
"2020-04-11 21:41:25",62
"2020-04-11 22:41:25",62
"2020-04-11 23:41:25",62
"2020-04-12 00:41:27",62
"2020-04-12 01:41:25",62
"2020-04-12 02:41:25",62
"2020-04-12 03:41:24",62
"2020-04-12 04:41:28",62
"2020-04-12 05:41:26",62
"2020-04-12 06:41:25",62
"2020-04-12 07:41:25",62
"2020-04-12 08:41:24",62
"2020-04-12 09:41:26",62
"2020-04-12 10:41:26",62
"2020-04-12 11:41:24",62
"2020-04-12 12:41:25",62
"2020-04-12 13:41:27",62
"2020-04-12 14:41:27",62
"2020-04-12 15:41:25",62
"2020-04-12 16:41:25",62
"2020-04-12 17:41:25",62
"2020-04-12 18:41:26",62
"2020-04-12 19:41:25",62
"2020-04-12 20:41:29",62
"2020-04-12 21:41:26",62
"2020-04-12 22:41:28",62
"2020-04-12 23:41:29",62
"2020-04-13 00:41:32",62
"2020-04-13 01:41:28",62
"2020-04-13 02:41:28",62
"2020-04-13 03:41:36",62
"2020-04-13 04:41:29",62
"2020-04-13 05:41:30",62
"2020-04-13 06:41:26",62
"2020-04-13 07:41:23",62
"2020-04-13 08:41:26",62
"2020-04-13 09:41:24",62
"2020-04-13 10:41:25",62
"2020-04-13 11:41:28",62
"2020-04-13 13:07:07",62
"2020-04-13 13:41:25",62
"2020-04-13 14:41:24",63
"2020-04-13 15:41:27",63
"2020-04-13 16:41:27",63
"2020-04-13 17:41:28",63
"2020-04-13 18:41:24",64
"2020-04-13 19:41:25",65
"2020-04-13 20:41:26",65
"2020-04-13 21:41:29",65
"2020-04-13 22:41:26",65
"2020-04-13 23:41:26",65
"2020-04-14 00:41:33",65
"2020-04-14 01:41:30",65
"2020-04-14 02:41:30",65
"2020-04-14 03:41:30",65
"2020-04-14 04:41:30",65
"2020-04-14 05:41:32",65
"2020-04-14 06:41:28",65
"2020-04-14 07:41:25",65
"2020-04-14 08:41:27",65
"2020-04-14 09:41:27",65
"2020-04-14 10:41:25",65
"2020-04-14 11:41:27",65
"2020-04-14 12:41:25",65
"2020-04-14 13:41:27",65
"2020-04-14 14:41:29",66
"2020-04-14 15:41:29",68
"2020-04-14 16:41:32",69
"2020-04-14 17:41:24",69
"2020-04-14 18:41:30",69
"2020-04-14 19:41:26",69
"2020-04-14 20:41:25",69
"2020-04-14 21:41:27",69
"2020-04-14 22:41:26",69
"2020-04-14 23:41:31",69
"2020-04-15 00:41:29",69
"2020-04-15 01:41:28",69
"2020-04-15 02:41:27",69
"2020-04-15 03:41:29",69
"2020-04-15 04:41:30",69
"2020-04-15 05:41:25",69
"2020-04-15 06:41:26",69
"2020-04-15 07:41:26",69
"2020-04-15 08:41:27",69
"2020-04-15 09:41:26",69
"2020-04-15 10:41:25",69
"2020-04-15 11:41:24",69
"2020-04-15 13:10:08",69
"2020-04-15 13:41:34",69
"2020-04-15 14:41:27",69
"2020-04-15 15:41:26",69
"2020-04-15 16:41:31",70
"2020-04-15 17:41:26",70
"2020-04-15 18:41:26",71
"2020-04-15 19:41:28",72
"2020-04-15 20:41:28",72
"2020-04-15 21:41:28",72
"2020-04-15 22:41:30",72
"2020-04-15 23:41:28",72
"2020-04-16 00:41:32",72
"2020-04-16 01:41:32",72
"2020-04-16 02:41:33",72
"2020-04-16 03:41:32",72
"2020-04-16 04:41:35",72
"2020-04-16 05:41:29",72
"2020-04-16 06:41:31",72
"2020-04-16 07:41:28",72
"2020-04-16 08:41:28",72
"2020-04-16 09:41:27",72
"2020-04-16 10:41:27",72
"2020-04-16 11:41:27",72
"2020-04-16 12:41:28",72
"2020-04-16 13:41:29",72
"2020-04-16 14:41:27",72
"2020-04-16 15:41:33",72
"2020-04-16 16:41:33",72
"2020-04-16 17:41:29",72
"2020-04-16 18:41:31",72
"2020-04-16 19:41:27",72
"2020-04-16 20:41:28",72
"2020-04-16 21:41:35",72
"2020-04-16 22:41:28",72
"2020-04-16 23:41:33",72
"2020-04-17 00:41:33",72
"2020-04-17 01:41:29",72
"2020-04-17 02:41:32",72
"2020-04-17 03:41:29",72
"2020-04-17 04:41:27",72
"2020-04-17 05:41:28",72
"2020-04-17 06:41:31",72
"2020-04-17 07:41:40",72
"2020-04-17 08:41:30",72
"2020-04-17 09:41:27",72
"2020-04-17 10:41:28",72
"2020-04-17 11:41:26",72
"2020-04-17 13:07:09",72
"2020-04-17 13:41:31",72
"2020-04-17 14:41:28",71
"2020-04-17 15:41:28",70
"2020-04-17 16:41:26",70
"2020-04-17 17:41:28",70
"2020-04-17 18:41:31",70
"2020-04-17 19:41:30",70
"2020-04-17 20:41:31",70
"2020-04-17 21:41:31",70
"2020-04-17 22:41:29",70
"2020-04-17 23:41:32",70
"2020-04-18 00:41:31",70
"2020-04-18 01:41:29",70
"2020-04-18 02:41:29",70
"2020-04-18 03:41:29",70
"2020-04-18 04:41:31",70
"2020-04-18 05:41:31",70
"2020-04-18 06:41:28",70
"2020-04-18 07:41:26",70
"2020-04-18 08:41:30",70
"2020-04-18 09:41:25",70
"2020-04-18 10:41:27",70
"2020-04-18 11:41:27",70
"2020-04-18 12:41:25",70
"2020-04-18 13:41:30",70
"2020-04-18 14:41:28",70
"2020-04-18 15:41:27",70
"2020-04-18 16:41:26",70
"2020-04-18 17:41:31",70
"2020-04-18 18:41:28",70
"2020-04-18 19:41:25",70
"2020-04-18 20:41:30",70
"2020-04-18 21:41:27",70
"2020-04-18 22:41:31",70
"2020-04-18 23:41:32",70
"2020-04-19 00:41:32",70
"2020-04-19 01:41:34",70
"2020-04-19 02:41:32",70
"2020-04-19 03:41:32",70
"2020-04-19 04:41:37",70
"2020-04-19 05:41:31",70
"2020-04-19 06:41:30",70
"2020-04-19 07:41:32",70
"2020-04-19 08:41:28",70
"2020-04-19 09:41:28",70
"2020-04-19 10:41:28",70
"2020-04-19 11:41:25",70
"2020-04-19 12:41:25",70
"2020-04-19 13:41:31",70
"2020-04-19 14:41:26",70
"2020-04-19 15:41:25",70
"2020-04-19 16:41:29",70
"2020-04-19 17:41:34",70
"2020-04-19 18:41:28",70
"2020-04-19 19:41:27",70
"2020-04-19 20:41:26",70
"2020-04-19 21:41:35",70
"2020-04-19 22:41:33",70
"2020-04-19 23:41:31",70
"2020-04-20 00:41:33",70
"2020-04-20 01:41:33",70
"2020-04-20 02:41:35",70
"2020-04-20 03:41:36",70
"2020-04-20 04:41:34",70
"2020-04-20 05:41:40",70
"2020-04-20 06:41:32",70
"2020-04-20 07:41:27",70
"2020-04-20 08:41:27",70
"2020-04-20 09:41:28",70
"2020-04-20 10:41:27",70
"2020-04-20 11:41:28",70
"2020-04-20 12:41:28",70
"2020-04-20 13:41:29",70
"2020-04-20 14:41:31",74
"2020-04-20 15:41:29",75
"2020-04-20 16:41:30",75
"2020-04-20 17:41:28",76
"2020-04-20 18:41:32",76
"2020-04-20 20:41:44",76
"2020-04-20 21:41:38",76
"2020-04-20 22:41:44",76
"2020-04-20 23:41:33",76
"2020-04-21 00:41:33",76
"2020-04-21 01:41:32",76
"2020-04-21 02:41:33",76
"2020-04-21 03:41:51",76
"2020-04-21 04:41:58",76
"2020-04-21 05:42:11",76
"2020-04-21 06:41:35",76
"2020-04-21 07:41:30",76
"2020-04-21 08:41:29",76
"2020-04-21 09:41:28",76
"2020-04-21 10:41:28",76
"2020-04-21 11:41:27",76
"2020-04-21 12:41:27",76
"2020-04-21 13:41:30",76
"2020-04-21 14:41:34",76
"2020-04-21 15:41:26",76
"2020-04-21 16:41:26",76
"2020-04-21 17:41:32",76
"2020-04-21 18:41:27",76
"2020-04-21 19:41:28",77
"2020-04-21 20:41:32",77
"2020-04-21 21:41:34",77
"2020-04-21 22:41:34",77
"2020-04-21 23:41:27",77
"2020-04-22 00:41:30",77
"2020-04-22 01:41:33",77
"2020-04-22 02:41:32",77
"2020-04-22 03:41:28",77
"2020-04-22 04:41:27",77
"2020-04-22 05:41:28",77
"2020-04-22 06:41:30",77
"2020-04-22 07:41:29",77
"2020-04-22 08:41:26",77
"2020-04-22 09:41:28",77
"2020-04-22 10:41:34",77
"2020-04-22 11:41:25",77
"2020-04-22 12:41:28",77
"2020-04-22 13:41:26",77
"2020-04-22 14:41:28",76
"2020-04-22 15:41:26",76
"2020-04-22 16:41:32",76
"2020-04-22 17:41:35",76
"2020-04-22 18:41:30",76
"2020-04-22 19:41:28",76
"2020-04-22 20:41:28",76
"2020-04-22 21:41:32",76
"2020-04-22 22:41:29",76
"2020-04-22 23:41:31",76
"2020-04-23 00:41:27",76
"2020-04-23 01:41:30",76
"2020-04-23 02:41:32",76
"2020-04-23 03:41:33",76
"2020-04-23 04:41:33",76
"2020-04-23 05:41:26",76
"2020-04-23 06:41:27",76
"2020-04-23 07:41:29",76
"2020-04-23 08:41:28",76
"2020-04-23 09:41:25",76
"2020-04-23 10:41:27",76
"2020-04-23 11:41:31",76
"2020-04-23 12:41:26",76
"2020-04-23 13:41:27",76
"2020-04-23 14:41:28",76
"2020-04-23 15:41:28",75
"2020-04-23 16:41:34",75
"2020-04-23 17:41:27",74
"2020-04-23 18:41:29",74
"2020-04-23 19:41:27",73
"2020-04-23 20:41:33",73
"2020-04-23 21:41:31",73
"2020-04-23 22:41:27",73
"2020-04-23 23:41:29",73
"2020-04-24 00:41:33",73
"2020-04-24 01:41:43",73
"2020-04-24 02:41:27",73
"2020-04-24 03:41:34",73
"2020-04-24 04:41:26",73
"2020-04-24 05:41:26",73
"2020-04-24 06:41:27",73
"2020-04-24 07:41:24",73
"2020-04-24 08:41:33",73
"2020-04-24 09:41:26",73
"2020-04-24 10:41:25",73
"2020-04-24 11:41:25",73
"2020-04-24 13:08:10",73
"2020-04-24 13:41:36",73
"2020-04-24 14:41:31",73
"2020-04-24 15:41:29",73
"2020-04-24 16:41:28",73
"2020-04-24 17:41:29",73
"2020-04-24 18:41:32",73
"2020-04-24 19:41:28",73
"2020-04-24 20:41:32",73
"2020-04-24 21:41:32",73
"2020-04-24 22:41:37",73
"2020-04-24 23:41:30",73
"2020-04-25 00:41:39",73
"2020-04-25 01:41:35",73
"2020-04-25 02:41:33",73
"2020-04-25 03:41:31",73
"2020-04-25 04:41:34",73
"2020-04-25 05:41:35",73
"2020-04-25 06:41:30",73
"2020-04-25 07:41:28",73
"2020-04-25 08:41:30",73
"2020-04-25 09:41:29",73
"2020-04-25 10:41:27",73
"2020-04-25 11:41:29",73
"2020-04-25 12:41:28",73
"2020-04-25 13:41:34",73
"2020-04-25 14:41:29",73
"2020-04-25 15:41:30",73
"2020-04-25 16:41:31",73
"2020-04-25 17:41:30",73
"2020-04-25 18:41:29",73
"2020-04-25 19:41:31",73
"2020-04-25 20:41:29",73
"2020-04-25 21:41:28",73
"2020-04-25 22:41:31",73
"2020-04-25 23:41:33",73
"2020-04-26 00:41:27",73
"2020-04-26 01:41:33",73
"2020-04-26 02:41:32",73
"2020-04-26 03:41:34",73
"2020-04-26 04:41:28",73
"2020-04-26 05:41:37",73
"2020-04-26 06:41:32",73
"2020-04-26 07:41:29",73
"2020-04-26 08:41:28",73
"2020-04-26 09:41:28",73
"2020-04-26 10:41:28",73
"2020-04-26 11:41:31",73
"2020-04-26 12:41:28",73
"2020-04-26 13:41:26",73
"2020-04-26 14:41:27",73
"2020-04-26 15:41:30",73
"2020-04-26 16:41:29",73
"2020-04-26 17:41:29",73
"2020-04-26 18:41:29",73
"2020-04-26 19:41:30",73
"2020-04-26 20:41:28",73
"2020-04-26 21:41:28",73
"2020-04-26 22:41:32",73
"2020-04-26 23:41:36",73
"2020-04-27 00:41:36",73
"2020-04-27 01:41:35",73
"2020-04-27 02:41:33",73
"2020-04-27 03:41:36",73
"2020-04-27 04:41:36",73
"2020-04-27 05:41:31",73
"2020-04-27 06:41:29",73
"2020-04-27 07:41:28",73
"2020-04-27 08:41:30",73
"2020-04-27 09:41:29",73
"2020-04-27 10:41:28",73
"2020-04-27 11:41:25",73
"2020-04-27 12:41:28",73
"2020-04-27 13:41:36",73
"2020-04-27 14:41:31",76
"2020-04-27 15:41:29",73
"2020-04-27 16:41:26",73
"2020-04-27 17:41:29",72
"2020-04-27 18:41:28",72
"2020-04-27 19:41:28",72
"2020-04-27 20:41:28",72
"2020-04-27 21:41:35",72
"2020-04-27 22:41:32",72
"2020-04-27 23:41:33",72
"2020-04-28 00:41:40",72
"2020-04-28 01:41:30",72
"2020-04-28 02:41:38",72
"2020-04-28 03:41:36",72
"2020-04-28 04:41:38",72
"2020-04-28 05:41:28",72
"2020-04-28 06:41:29",72
"2020-04-28 07:41:35",72
"2020-04-28 08:41:29",72
"2020-04-28 09:41:29",72
"2020-04-28 10:41:26",72
"2020-04-28 11:41:29",72
"2020-04-28 12:41:30",72
"2020-04-28 13:41:28",72
"2020-04-28 14:41:36",74
"2020-04-28 15:41:33",76
"2020-04-28 16:41:28",76
"2020-04-28 17:41:33",77
"2020-04-28 18:41:33",77
"2020-04-28 19:41:28",77
"2020-04-28 20:41:29",76
"2020-04-28 21:41:30",76
"2020-04-28 22:41:28",76
"2020-04-28 23:41:28",76
"2020-04-29 00:41:37",76
"2020-04-29 01:41:41",76
"2020-04-29 02:41:35",76
"2020-04-29 03:41:28",76
"2020-04-29 04:41:34",76
"2020-04-29 05:41:28",76
"2020-04-29 06:41:30",76
"2020-04-29 07:41:30",76
"2020-04-29 08:41:28",76
"2020-04-29 09:41:32",76
"2020-04-29 10:41:32",76
"2020-04-29 11:41:26",76
"2020-04-29 13:06:07",76
"2020-04-29 13:41:30",76
"2020-04-29 14:41:27",76
"2020-04-29 15:41:26",76
"2020-04-29 16:41:31",76
"2020-04-29 17:41:29",76
"2020-04-29 18:41:37",76
"2020-04-29 19:41:36",76
"2020-04-29 20:41:29",77
"2020-04-29 21:41:36",77
"2020-04-29 22:41:36",77
"2020-04-29 23:41:36",77
"2020-04-30 00:41:36",77
"2020-04-30 01:41:35",77
"2020-04-30 02:41:43",77
"2020-04-30 03:41:39",77
"2020-04-30 04:41:35",77
"2020-04-30 05:41:32",77
"2020-04-30 06:41:30",77
"2020-04-30 07:41:29",77
"2020-04-30 08:41:30",77
"2020-04-30 09:41:30",77
"2020-04-30 10:41:27",77
"2020-04-30 11:41:29",77
"2020-04-30 12:41:28",77
"2020-04-30 13:41:30",77
"2020-04-30 14:41:35",77
"2020-04-30 15:41:27",79
"2020-04-30 16:41:28",79
"2020-04-30 17:41:59",79
"2020-04-30 18:41:33",79
"2020-04-30 20:41:30",82
"2020-04-30 21:41:30",82
"2020-04-30 22:41:30",82
"2020-04-30 23:41:29",82
"2020-05-01 00:41:36",82
"2020-05-01 01:41:35",82
"2020-05-01 02:41:29",82
"2020-05-01 03:41:28",82
"2020-05-01 04:41:31",82
"2020-05-01 05:41:32",82
"2020-05-01 06:41:29",82
"2020-05-01 07:41:31",82
"2020-05-01 08:41:29",82
"2020-05-01 09:41:28",82
"2020-05-01 10:41:27",82
"2020-05-01 11:41:28",82
"2020-05-01 13:07:10",83
"2020-05-01 13:41:40",83
"2020-05-01 14:41:30",85
"2020-05-01 15:41:31",85
"2020-05-01 16:41:34",86
"2020-05-01 17:41:35",86
"2020-05-01 18:41:31",86
"2020-05-01 19:41:32",86
"2020-05-01 20:41:29",85
"2020-05-01 21:41:39",85
"2020-05-01 22:41:31",85
"2020-05-01 23:41:31",85
"2020-05-02 00:41:32",85
"2020-05-02 01:41:38",85
"2020-05-02 02:41:37",85
"2020-05-02 03:41:32",85
"2020-05-02 04:41:31",85
"2020-05-02 05:41:36",85
"2020-05-02 06:41:32",85
"2020-05-02 07:41:37",85
"2020-05-02 08:41:32",85
"2020-05-02 09:41:32",85
"2020-05-02 10:41:29",85
"2020-05-02 11:41:31",85
"2020-05-02 12:41:30",85
"2020-05-02 13:41:32",85
"2020-05-02 14:41:34",85
"2020-05-02 15:41:32",85
"2020-05-02 16:41:34",85
"2020-05-02 17:41:32",85
"2020-05-02 18:41:36",85
"2020-05-02 19:41:31",85
"2020-05-02 20:41:30",85
"2020-05-02 21:41:31",85
"2020-05-02 22:41:30",85
"2020-05-02 23:41:37",85
"2020-05-03 00:41:32",85
"2020-05-03 01:41:39",85
"2020-05-03 02:41:36",85
"2020-05-03 03:41:35",85
"2020-05-03 04:41:37",85
"2020-05-03 05:41:33",85
"2020-05-03 06:41:31",85
"2020-05-03 07:41:34",85
"2020-05-03 08:41:34",85
"2020-05-03 09:41:39",85
"2020-05-03 10:41:33",85
"2020-05-03 11:41:31",85
"2020-05-03 12:41:31",85
"2020-05-03 13:41:32",85
"2020-05-03 14:41:34",85
"2020-05-03 15:41:33",85
"2020-05-03 16:41:37",85
"2020-05-03 17:41:38",85
"2020-05-03 18:41:31",85
"2020-05-03 19:41:44",85
"2020-05-03 20:41:38",85
"2020-05-03 21:41:35",85
"2020-05-03 22:41:38",85
"2020-05-03 23:41:38",85
"2020-05-04 00:41:37",85
"2020-05-04 01:41:38",85
"2020-05-04 02:41:36",85
"2020-05-04 03:41:37",85
"2020-05-04 04:41:31",85
"2020-05-04 05:41:33",85
"2020-05-04 06:41:33",85
"2020-05-04 09:28:16",85
"2020-05-04 10:47:12",85
"2020-05-04 10:55:02",85
"2020-05-04 11:02:36",85
"2020-05-04 11:41:37",85
"2020-05-04 13:06:12",85
"2020-05-04 13:41:33",85
"2020-05-04 14:41:34",85
"2020-05-04 15:41:32",87
"2020-05-04 16:41:33",88
"2020-05-04 17:41:32",88
"2020-05-04 18:41:30",88
"2020-05-04 19:41:37",88
"2020-05-04 20:41:38",88
"2020-05-04 21:41:38",88
"2020-05-04 22:41:32",88
"2020-05-04 23:41:32",88
"2020-05-05 00:41:31",88
"2020-05-05 01:41:37",88
"2020-05-05 02:41:31",88
"2020-05-05 03:41:35",88
"2020-05-05 04:41:32",88
"2020-05-05 05:41:32",88
"2020-05-05 06:41:34",88
"2020-05-05 07:41:34",88
"2020-05-05 08:41:41",88
"2020-05-05 09:41:30",88
"2020-05-05 10:41:30",88
"2020-05-05 11:41:38",88
"2020-05-05 12:41:33",88
"2020-05-05 13:41:33",88
"2020-05-05 14:41:31",88
"2020-05-05 15:41:31",90
"2020-05-05 16:41:33",91
"2020-05-05 17:41:32",91
"2020-05-05 18:41:31",92
"2020-05-05 19:41:38",92
"2020-05-05 20:41:34",90
"2020-05-05 21:41:29",90
"2020-05-05 22:41:30",90
"2020-05-05 23:41:38",90
"2020-05-06 00:41:34",90
"2020-05-06 01:41:33",90
"2020-05-06 02:41:31",90
"2020-05-06 03:41:29",90
"2020-05-06 04:41:33",90
"2020-05-06 05:41:34",90
"2020-05-06 06:41:30",90
"2020-05-06 17:41:45",91
"2020-05-06 18:41:41",91
"2020-05-06 19:41:32",91
"2020-05-06 20:41:36",91
"2020-05-06 21:41:40",91
"2020-05-06 22:41:38",91
"2020-05-06 23:41:39",91
"2020-05-07 00:41:39",91
"2020-05-07 01:41:33",91
"2020-05-07 02:41:29",91
"2020-05-07 03:41:32",91
"2020-05-07 04:41:34",91
"2020-05-07 05:41:31",91
"2020-05-07 06:41:33",91
"2020-05-07 08:41:34",91
"2020-05-07 09:41:32",91
"2020-05-07 10:41:36",91
"2020-05-07 11:41:34",91
"2020-05-07 12:41:34",91
"2020-05-07 13:41:35",91
"2020-05-07 14:41:38",90
"2020-05-07 15:41:32",89
"2020-05-07 16:41:33",89
"2020-05-07 17:41:31",89
"2020-05-07 18:41:30",89
"2020-05-07 19:41:40",88
"2020-05-07 20:41:30",87
"2020-05-07 21:41:30",87
"2020-05-07 22:41:30",87
"2020-05-07 23:41:33",87
"2020-05-08 00:41:33",87
"2020-05-08 01:41:29",87
"2020-05-08 02:41:30",87
"2020-05-08 03:41:33",87
"2020-05-08 04:41:30",87
"2020-05-08 05:41:31",87
"2020-05-08 06:41:30",87
"2020-05-08 07:41:33",87
"2020-05-08 08:41:34",87
"2020-05-08 09:41:34",87
"2020-05-08 10:41:32",87
"2020-05-08 11:41:33",87
"2020-05-08 13:06:10",87
"2020-05-08 13:41:34",87
"2020-05-08 14:41:32",87
"2020-05-08 15:41:32",88
"2020-05-08 16:41:38",88
"2020-05-08 17:41:33",87
"2020-05-08 18:41:34",88
"2020-05-08 19:41:31",88
"2020-05-08 20:41:33",89
"2020-05-08 21:41:32",89
"2020-05-08 22:41:33",89
"2020-05-08 23:41:33",89
"2020-05-09 00:41:31",89
"2020-05-09 01:41:39",89
"2020-05-09 02:41:32",89
"2020-05-09 03:41:39",89
"2020-05-09 04:41:32",89
"2020-05-09 05:41:34",89
"2020-05-09 06:41:35",89
"2020-05-09 07:41:30",89
"2020-05-09 08:41:34",89
"2020-05-09 09:41:31",89
"2020-05-09 10:41:31",89
"2020-05-09 11:41:29",89
"2020-05-09 12:41:31",89
"2020-05-09 13:41:31",89
"2020-05-09 14:41:31",89
"2020-05-09 15:41:32",89
"2020-05-09 16:41:29",89
"2020-05-09 17:41:32",89
"2020-05-09 18:41:32",89
"2020-05-09 19:41:31",89
"2020-05-09 20:41:31",89
"2020-05-09 21:41:32",89
"2020-05-09 22:41:32",89
"2020-05-09 23:41:32",89
"2020-05-10 00:41:37",89
"2020-05-10 01:41:32",89
"2020-05-10 02:41:39",89
"2020-05-10 03:41:34",89
"2020-05-10 04:41:34",89
"2020-05-10 05:41:35",89
"2020-05-10 06:41:33",89
"2020-05-10 07:41:34",89
"2020-05-10 08:41:33",89
"2020-05-10 09:41:35",89
"2020-05-10 10:41:32",89
"2020-05-10 11:41:34",89
"2020-05-10 12:41:32",89
"2020-05-10 13:41:33",89
"2020-05-10 14:41:30",89
"2020-05-10 15:41:33",89
"2020-05-10 16:41:35",89
"2020-05-10 17:41:32",89
"2020-05-10 18:41:33",89
"2020-05-10 19:41:32",89
"2020-05-10 20:41:34",89
"2020-05-10 21:41:32",89
"2020-05-10 22:41:31",89
"2020-05-10 23:41:33",89
"2020-05-11 00:41:34",89
"2020-05-11 01:41:30",89
"2020-05-11 02:41:32",89
"2020-05-11 03:41:39",89
"2020-05-11 04:41:32",89
"2020-05-11 05:41:34",89
"2020-05-11 06:41:32",89
"2020-05-11 07:41:33",89
"2020-05-11 08:41:36",89
"2020-05-11 09:43:34",89
"2020-05-11 10:41:32",89
"2020-05-11 11:41:30",89
"2020-05-11 13:05:11",89
"2020-05-11 13:41:37",89
"2020-05-11 14:41:36",93
"2020-05-11 15:41:39",94
"2020-05-11 16:41:34",94
"2020-05-11 17:41:35",94
"2020-05-11 18:41:34",94
"2020-05-11 19:41:32",94
"2020-05-11 20:41:32",94
"2020-05-11 21:41:33",94
"2020-05-11 22:41:30",94
"2020-05-11 23:41:35",94
"2020-05-12 00:41:34",94
"2020-05-12 01:41:33",94
"2020-05-12 02:41:32",94
"2020-05-12 03:41:30",94
"2020-05-12 04:41:32",94
"2020-05-12 05:41:33",94
"2020-05-12 06:41:36",94
"2020-05-12 07:41:32",94
"2020-05-12 08:41:34",94
"2020-05-12 09:41:33",94
"2020-05-12 10:41:34",94
"2020-05-12 11:41:31",94
"2020-05-12 13:11:11",94
"2020-05-12 17:41:30",94
"2020-05-12 18:41:31",94
"2020-05-12 19:41:37",94
"2020-05-12 20:41:38",94
"2020-05-12 21:41:39",94
"2020-05-12 22:41:30",94
"2020-05-12 23:41:30",94
"2020-05-13 00:41:37",94
"2020-05-13 01:41:32",94
"2020-05-13 02:41:37",94
"2020-05-13 03:41:39",94
"2020-05-13 06:41:32",94
"2020-05-13 07:41:38",94
"2020-05-13 08:41:36",94
"2020-05-13 09:41:30",94
"2020-05-13 10:41:32",94
"2020-05-13 11:41:31",94
"2020-05-13 12:41:31",94
"2020-05-13 13:41:30",94
"2020-05-13 14:41:31",94
"2020-05-13 15:41:32",95
"2020-05-13 16:41:40",95
"2020-05-13 17:41:32",94
"2020-05-13 18:41:36",92
"2020-05-13 19:41:33",92
"2020-05-13 20:41:32",92
"2020-05-13 21:41:30",92
"2020-05-13 22:41:33",92
"2020-05-13 23:41:33",92
"2020-05-14 00:41:31",92
"2020-05-14 01:41:34",92
"2020-05-14 02:41:32",92
"2020-05-14 03:41:33",92
"2020-05-14 04:41:32",92
"2020-05-14 05:41:35",92
"2020-05-14 06:41:34",92
"2020-05-14 07:41:33",92
"2020-05-14 08:41:35",92
"2020-05-14 09:41:31",92
"2020-05-14 10:41:33",92
"2020-05-14 11:41:33",92
"2020-05-14 12:41:34",92
"2020-05-14 13:41:35",92
"2020-05-14 14:41:34",92
"2020-05-14 15:41:32",93
"2020-05-14 16:41:31",93
"2020-05-14 17:41:31",93
"2020-05-14 18:41:36",93
"2020-05-14 19:41:37",94
"2020-05-14 20:41:31",94
"2020-05-14 21:41:33",94
"2020-05-14 22:41:38",94
"2020-05-14 23:41:34",94
"2020-05-15 00:41:38",94
"2020-05-15 01:41:57",94
"2020-05-15 02:41:38",94
"2020-05-15 03:41:38",94
"2020-05-15 04:41:38",94
"2020-05-15 05:41:33",94
"2020-05-15 06:41:37",94
"2020-05-15 07:41:32",94
"2020-05-15 08:41:33",94
"2020-05-15 09:41:39",94
"2020-05-15 10:41:30",94
"2020-05-15 11:41:32",94
"2020-05-15 12:41:33",94
"2020-05-15 13:41:33",94
"2020-05-15 14:41:31",94
"2020-05-15 15:41:32",94
"2020-05-15 16:41:31",95
"2020-05-15 17:41:37",95
"2020-05-15 18:41:31",95
"2020-05-15 19:41:34",95
"2020-05-15 20:41:33",94
"2020-05-15 21:41:33",94
"2020-05-15 22:41:31",94
"2020-05-15 23:41:30",94
"2020-05-16 00:41:36",94
"2020-05-16 01:41:43",94
"2020-05-16 02:41:40",94
"2020-05-16 03:41:35",94
"2020-05-16 04:41:33",94
"2020-05-16 05:41:33",94
"2020-05-16 06:41:38",94
"2020-05-16 07:41:38",94
"2020-05-16 08:41:32",94
"2020-05-16 09:41:34",94
"2020-05-16 10:41:31",94
"2020-05-16 11:41:30",94
"2020-05-16 12:41:33",94
"2020-05-16 13:41:32",94
"2020-05-16 14:41:31",94
"2020-05-16 15:41:35",94
"2020-05-16 16:41:34",94
"2020-05-16 17:41:31",94
"2020-05-16 18:41:32",94
"2020-05-16 19:41:31",94
"2020-05-16 20:41:33",94
"2020-05-16 21:41:32",94
"2020-05-16 22:41:34",94
"2020-05-16 23:41:32",94
"2020-05-17 00:41:32",94
"2020-05-17 01:41:33",94
"2020-05-18 08:07:28",94
"2020-05-18 08:08:59",94
"2020-05-18 08:14:38",94
"2020-05-18 08:14:40",94
"2020-05-18 08:14:49",94
"2020-05-18 08:14:56",94
"2020-05-18 08:15:02",94
"2020-05-18 08:15:13",94
"2020-05-18 08:16:03",94
"2020-05-18 08:20:20",94
"2020-05-18 08:23:00",94
"2020-05-18 08:23:08",94
"2020-05-18 08:23:10",94
"2020-05-18 08:25:09",94
"2020-05-18 08:25:17",94
"2020-05-18 08:26:09",94
"2020-05-18 08:26:41",94
"2020-05-18 08:28:07",94
"2020-05-18 08:33:04",94
"2020-05-18 08:33:35",94
"2020-05-18 08:36:27",94
"2020-05-18 08:45:45",94
"2020-05-18 08:47:03",94
"2020-05-18 08:47:29",94
"2020-05-18 08:47:39",94
"2020-05-18 08:47:49",94
"2020-05-18 08:50:03",94
"2020-05-18 09:27:33",94
"2020-05-18 09:28:23",94
"2020-05-18 09:28:56",94
"2020-05-18 11:42:52",94
"2020-05-18 11:50:29",94
"2020-05-18 11:58:05",94
"2020-05-18 12:05:43",94
"2020-05-18 13:05:40",94
"2020-05-18 13:41:36",94
"2020-05-18 14:41:32",93
"2020-05-18 15:41:42",94
"2020-05-18 16:41:44",93
"2020-05-18 17:41:32",93
"2020-05-18 18:41:37",93
"2020-05-18 19:41:35",93
"2020-05-18 20:41:34",92
"2020-05-18 21:41:40",92
"2020-05-18 22:41:39",92
"2020-05-18 23:41:41",92
"2020-05-19 00:42:19",92
"2020-05-19 01:41:31",92
"2020-05-19 02:41:34",92
"2020-05-19 03:41:34",92
"2020-05-19 04:41:37",92
"2020-05-19 05:41:35",92
"2020-05-19 06:41:34",92
"2020-05-19 07:41:34",92
"2020-05-19 08:41:37",92
"2020-05-19 09:41:44",92
"2020-05-19 10:41:34",92
"2020-05-19 11:41:39",92
"2020-05-19 13:06:14",92
"2020-05-19 13:41:36",92
"2020-05-19 14:41:34",92
"2020-05-19 15:41:34",92
"2020-05-19 16:41:38",92
"2020-05-19 17:41:33",92
"2020-05-19 18:41:36",92
"2020-05-19 19:41:35",92
"2020-05-19 20:41:37",93
"2020-05-19 21:41:36",93
"2020-05-19 22:41:41",93
"2020-05-19 23:41:34",93
"2020-05-20 00:41:43",93
"2020-05-20 01:41:47",93
"2020-05-20 02:41:38",93
"2020-05-20 03:41:40",93
"2020-05-20 04:41:36",93
"2020-05-20 05:41:35",93
"2020-05-20 06:41:33",93
"2020-05-20 07:41:37",93
"2020-05-20 08:41:34",93
"2020-05-20 09:41:38",93
"2020-05-20 10:41:33",93
"2020-05-20 11:41:34",93
"2020-05-20 12:41:33",93
"2020-05-20 13:41:35",93
"2020-05-20 14:41:36",96
"2020-05-20 15:41:33",95
"2020-05-20 16:41:34",94
"2020-05-20 17:41:40",94
"2020-05-20 18:41:35",96
"2020-05-20 19:41:34",96
"2020-05-20 20:41:32",95
"2020-05-20 21:41:35",95
"2020-05-20 22:41:32",95
"2020-05-20 23:41:34",95
"2020-05-21 00:41:40",95
"2020-05-21 01:41:33",95
"2020-05-21 02:41:35",95
"2020-05-21 03:41:36",95
"2020-05-21 04:41:33",95
"2020-05-21 05:41:33",95
"2020-05-21 06:41:36",95
"2020-05-21 07:41:33",95
"2020-05-21 08:41:35",95
"2020-05-21 09:41:34",95
"2020-05-21 10:41:35",95
"2020-05-21 11:41:37",95
"2020-05-21 12:41:34",95
"2020-05-21 13:41:36",95
"2020-05-21 14:41:32",94
"2020-05-21 15:41:33",95
"2020-05-21 16:41:39",95
"2020-05-21 17:41:36",96
"2020-05-21 18:41:34",97
"2020-05-21 19:41:33",96
"2020-05-21 20:41:34",96
"2020-05-21 21:41:36",96
"2020-05-21 22:41:36",96
"2020-05-21 23:41:40",96
"2020-05-22 00:42:05",96
"2020-05-22 01:41:35",96
"2020-05-22 02:41:39",96
"2020-05-22 03:41:41",96
"2020-05-22 04:41:37",96
"2020-05-22 05:41:38",96
"2020-05-22 06:41:33",96
"2020-05-22 07:41:35",96
"2020-05-22 08:41:37",96
"2020-05-22 09:41:35",96
"2020-05-22 10:41:33",96
"2020-05-22 11:41:34",96
"2020-05-22 12:41:35",96
"2020-05-22 13:41:37",96
"2020-05-22 14:41:34",96
"2020-05-22 15:41:34",97
"2020-05-22 16:41:34",97
"2020-05-22 17:41:34",97
"2020-05-22 18:41:40",97
"2020-05-22 19:41:34",97
"2020-05-22 20:41:32",97
"2020-05-22 21:41:34",97
"2020-05-22 22:41:34",97
"2020-05-22 23:41:34",97
"2020-05-23 00:41:34",97
"2020-05-23 01:41:34",97
"2020-05-23 02:41:38",97
"2020-05-23 03:41:36",97
"2020-05-23 04:41:40",97
"2020-05-23 05:41:33",97
"2020-05-23 06:41:37",97
"2020-05-23 07:41:37",97
"2020-05-23 08:41:37",97
"2020-05-23 09:41:34",97
"2020-05-23 10:41:34",97
"2020-05-23 11:41:38",97
"2020-05-23 12:41:36",97
"2020-05-23 13:41:36",97
"2020-05-23 14:41:35",97
"2020-05-23 15:41:34",97
"2020-05-23 16:41:37",97
"2020-05-23 17:41:35",97
"2020-05-23 18:41:39",97
"2020-05-23 19:41:35",97
"2020-05-23 20:41:34",97
"2020-05-23 21:41:33",97
"2020-05-23 22:41:35",97
"2020-05-23 23:41:36",97
"2020-05-24 00:41:43",97
"2020-05-24 01:41:34",97
"2020-05-24 02:41:34",97
"2020-05-24 03:41:35",97
"2020-05-24 04:41:34",97
"2020-05-24 05:41:34",97
"2020-05-24 06:41:35",97
"2020-05-24 07:41:34",97
"2020-05-24 08:41:38",97
"2020-05-24 09:41:33",97
"2020-05-24 10:41:36",97
"2020-05-24 11:41:35",97
"2020-05-24 12:41:34",97
"2020-05-24 13:41:36",97
"2020-05-24 14:41:37",97
"2020-05-24 15:41:33",97
"2020-05-24 16:41:37",97
"2020-05-24 17:41:36",97
"2020-05-24 18:41:36",97
"2020-05-24 19:41:36",97
"2020-05-24 20:41:36",97
"2020-05-24 21:41:37",97
"2020-05-24 22:41:36",97
"2020-05-24 23:41:33",97
"2020-05-25 00:41:34",97
"2020-05-25 01:41:38",97
"2020-05-25 02:41:35",97
"2020-05-25 03:41:45",97
"2020-05-25 04:41:34",97
"2020-05-25 05:42:20",97
"2020-05-25 06:41:52",97
"2020-05-25 07:41:36",97
"2020-05-25 08:41:40",97
"2020-05-25 09:41:34",97
"2020-05-25 10:41:33",97
"2020-05-25 11:41:41",97
"2020-05-25 12:41:35",97
"2020-05-25 13:41:32",97
"2020-05-25 14:41:37",97
"2020-05-25 15:41:34",97
"2020-05-25 16:41:32",97
"2020-05-25 17:41:35",97
"2020-05-25 18:41:35",97
"2020-05-25 19:41:35",97
"2020-05-25 20:41:37",97
"2020-05-25 21:41:32",97
"2020-05-25 22:41:33",97
"2020-05-25 23:41:33",97
"2020-05-26 00:41:35",97
"2020-05-26 01:41:35",97
"2020-05-26 02:41:32",97
"2020-05-26 03:41:37",97
"2020-05-26 04:41:38",97
"2020-05-26 05:41:34",97
"2020-05-26 06:41:37",97
"2020-05-26 07:41:38",97
"2020-05-26 08:41:38",97
"2020-05-26 09:41:35",97
"2020-05-26 10:41:34",97
"2020-05-26 11:41:38",97
"2020-05-26 12:41:34",97
"2020-05-26 13:41:37",97
"2020-05-26 14:41:36",96
"2020-05-26 15:41:34",96
"2020-05-26 16:41:35",99
"2020-05-26 17:41:35",99
"2020-05-26 18:41:34",98
"2020-05-26 19:41:36",98
"2020-05-26 20:41:34",98
"2020-05-26 21:41:39",98
"2020-05-26 22:41:33",98
"2020-05-26 23:41:34",98
"2020-05-27 00:41:44",98
"2020-05-27 01:41:34",98
"2020-05-27 02:41:35",98
"2020-05-27 03:41:34",98
"2020-05-27 04:41:35",98
"2020-05-27 05:41:34",98
"2020-05-27 06:41:36",98
"2020-05-27 07:41:35",98
"2020-05-27 08:41:34",98
"2020-05-27 09:41:33",98
"2020-05-27 10:41:33",98
"2020-05-27 11:41:32",98
"2020-05-27 13:06:42",98
"2020-05-27 13:41:39",98
"2020-05-27 14:41:36",98
"2020-05-27 15:41:33",98
"2020-05-27 16:41:34",99
"2020-05-27 17:41:33",99
"2020-05-27 18:41:33",99
"2020-05-27 19:41:36",99
"2020-05-27 20:41:35",98
"2020-05-27 21:41:37",98
"2020-05-27 22:41:34",98
"2020-05-27 23:41:33",98
"2020-05-28 00:41:34",98
"2020-05-28 01:41:37",98
"2020-05-28 02:41:33",98
"2020-05-28 03:41:33",98
"2020-05-28 04:41:34",98
"2020-05-28 05:41:33",98
"2020-05-28 06:41:34",98
"2020-05-28 07:41:38",98
"2020-05-28 08:41:35",98
"2020-05-28 09:41:33",98
"2020-05-28 10:41:36",98
"2020-05-28 11:41:37",98
"2020-05-28 13:07:15",98
"2020-05-28 13:41:36",98
"2020-05-28 14:41:36",100
"2020-05-28 15:41:36",100
"2020-05-28 16:41:37",100
"2020-05-28 17:41:36",101
"2020-05-28 18:41:35",102
"2020-05-28 19:41:34",102
"2020-05-28 20:41:39",101
"2020-05-28 21:41:42",101
"2020-05-28 22:41:37",101
"2020-05-28 23:41:38",101
"2020-05-29 00:41:38",101
"2020-05-29 01:41:36",101
"2020-05-29 02:41:41",101
"2020-05-29 03:41:35",101
"2020-05-29 04:41:36",101
"2020-05-29 05:41:41",101
"2020-05-29 06:41:42",101
"2020-05-29 07:41:41",101
"2020-05-29 08:41:41",101
"2020-05-29 09:49:38",101
"2020-05-29 10:41:40",101
"2020-05-29 11:41:37",101
"2020-05-29 12:41:38",101
"2020-05-29 13:41:38",101
"2020-05-29 14:41:41",102
"2020-05-29 15:41:36",101
"2020-05-29 16:41:33",101
"2020-05-29 17:41:37",101
"2020-05-29 18:41:36",101
"2020-05-29 19:41:37",101
"2020-05-29 20:41:40",101
"2020-05-29 21:41:37",101
"2020-05-29 22:41:36",101
"2020-05-29 23:41:42",101
"2020-05-30 00:41:35",101
"2020-05-30 01:41:34",101
"2020-05-30 02:41:36",101
"2020-05-30 03:41:36",101
"2020-05-30 04:41:35",101
"2020-05-30 05:41:38",101
"2020-05-30 06:41:40",101
"2020-05-30 07:41:44",101
"2020-05-30 08:41:38",101
"2020-05-30 09:41:35",101
"2020-05-30 10:41:39",101
"2020-05-30 11:41:37",101
"2020-05-30 12:41:36",101
"2020-05-30 13:41:36",101
"2020-05-30 14:41:35",101
"2020-05-30 15:41:36",101
"2020-05-30 16:41:44",101
"2020-05-30 17:41:36",101
"2020-05-30 18:41:36",101
"2020-05-30 19:41:39",101
"2020-05-30 20:41:37",101
"2020-05-30 21:41:38",101
"2020-05-30 22:41:37",101
"2020-05-30 23:41:38",101
"2020-05-31 00:41:38",101
"2020-05-31 01:41:39",101
"2020-05-31 02:41:37",101
"2020-05-31 03:41:38",101
"2020-05-31 04:41:38",101
"2020-05-31 05:41:39",101
"2020-05-31 06:41:40",101
"2020-05-31 07:41:38",101
"2020-05-31 09:27:39",101
"2020-05-31 09:41:38",101
"2020-05-31 10:41:37",101
"2020-05-31 13:08:03",101
"2020-05-31 13:16:46",101
"2020-06-01 04:45:13",101
"2020-06-01 04:49:38",101
"2020-06-01 04:49:48",101
"2020-06-01 04:54:37",101
"2020-06-01 04:55:26",101
"2020-06-01 04:56:32",101
"2020-06-01 04:56:37",101
"2020-06-01 04:56:48",101
"2020-06-01 04:56:56",101
"2020-06-01 04:58:36",101
"2020-06-01 05:03:28",101
"2020-06-01 05:03:42",101
"2020-06-01 05:05:41",101
"2020-06-01 05:06:16",101
"2020-06-01 05:07:14",101
"2020-06-01 06:36:21",101
"2020-06-01 06:43:57",101
"2020-06-01 06:51:33",101
"2020-06-01 07:41:37",101
"2020-06-01 08:41:39",101
"2020-06-01 09:41:36",101
"2020-06-01 10:41:35",101
"2020-06-01 11:41:38",101
"2020-06-01 13:05:16",101
"2020-06-01 13:41:47",101
"2020-06-01 14:41:41",102
"2020-06-01 15:41:38",103
"2020-06-01 16:41:45",103
"2020-06-01 17:41:45",101
"2020-06-01 18:41:45",101
"2020-06-01 19:41:40",101
"2020-06-01 20:41:39",102
"2020-06-01 21:41:39",102
"2020-06-01 22:41:36",102
"2020-06-01 23:41:38",102
"2020-06-02 00:41:40",102
"2020-06-02 01:41:37",102
"2020-06-02 02:41:37",102
"2020-06-02 03:41:38",102
"2020-06-02 04:41:37",102
"2020-06-02 05:41:37",102
"2020-06-02 06:41:37",102
"2020-06-02 07:41:40",102
"2020-06-02 08:41:39",102
"2020-06-02 09:41:37",102
"2020-06-02 10:41:40",102
"2020-06-02 11:41:38",102
"2020-06-02 12:41:46",102
"2020-06-02 13:41:41",102
"2020-06-02 14:41:46",102
"2020-06-02 15:41:46",102
"2020-06-02 16:41:37",102
"2020-06-02 17:41:45",101
"2020-06-02 18:41:38",101
"2020-06-02 19:41:44",100
"2020-06-02 20:41:44",100
"2020-06-02 21:41:36",100
"2020-06-02 22:41:38",100
"2020-06-02 23:41:36",100
"2020-06-03 00:41:40",100
"2020-06-03 01:41:46",100
"2020-06-03 02:41:35",100
"2020-06-03 03:41:43",100
"2020-06-03 04:41:42",100
"2020-06-03 05:41:36",100
"2020-06-03 06:41:39",100
"2020-06-03 07:41:43",100
"2020-06-03 08:41:36",100
"2020-06-03 09:41:37",100
"2020-06-03 10:41:38",100
"2020-06-03 11:41:37",100
"2020-06-03 13:08:46",100
"2020-06-03 13:41:39",100
"2020-06-03 14:41:37",100
"2020-06-03 15:41:43",99
"2020-06-03 16:41:45",98
"2020-06-03 17:41:47",99
"2020-06-03 18:41:48",99
"2020-06-03 19:41:46",99
"2020-06-03 20:41:37",99
"2020-06-03 21:41:38",98
"2020-06-03 22:41:37",98
"2020-06-03 23:41:36",98
"2020-06-04 00:41:45",98
"2020-06-04 01:41:43",98
"2020-06-04 02:41:38",98
"2020-06-04 03:41:39",98
"2020-06-04 04:41:41",98
"2020-06-04 05:41:37",98
"2020-06-04 06:41:38",98
"2020-06-04 07:41:43",98
"2020-06-04 08:41:43",98
"2020-06-04 09:41:40",98
"2020-06-04 10:41:37",98
"2020-06-04 11:41:38",98
"2020-06-04 12:41:41",98
"2020-06-04 13:41:42",98
"2020-06-04 14:41:52",100
"2020-06-04 15:41:44",100
"2020-06-04 17:07:17",100
"2020-06-04 17:41:39",100
"2020-06-04 18:41:44",101
"2020-06-04 19:41:36",101
"2020-06-04 20:41:45",101
"2020-06-04 21:41:45",101
"2020-06-04 22:41:38",101
"2020-06-04 23:41:40",101
"2020-06-05 00:41:39",101
"2020-06-05 01:41:36",101
"2020-06-05 02:41:39",101
"2020-06-05 03:41:39",101
"2020-06-05 04:41:38",101
"2020-06-05 05:41:40",101
"2020-06-05 06:41:40",101
"2020-06-05 07:41:39",101
"2020-06-05 08:41:40",101
"2020-06-05 09:41:36",101
"2020-06-05 10:41:35",101
"2020-06-05 11:41:39",101
"2020-06-05 13:09:46",101
"2020-06-05 13:41:46",101
"2020-06-05 14:41:44",103
"2020-06-05 15:41:40",103
"2020-06-05 16:41:51",103
"2020-06-05 17:41:40",101
"2020-06-05 18:41:40",102
"2020-06-05 19:41:40",101
"2020-06-05 20:41:48",101
"2020-06-05 21:41:41",101
"2020-06-05 22:41:40",101
"2020-06-05 23:41:40",101
"2020-06-06 00:41:42",101
"2020-06-06 01:41:38",101
"2020-06-06 02:41:40",101
"2020-06-06 03:41:40",101
"2020-06-06 04:41:41",101
"2020-06-06 05:41:42",101
"2020-06-06 06:41:41",101
"2020-06-06 07:41:51",101
"2020-06-06 08:41:40",101
"2020-06-06 09:53:04",101
"2020-06-06 10:41:37",101
"2020-06-06 11:41:40",101
"2020-06-06 12:41:40",101
"2020-06-06 13:41:39",101
"2020-06-06 14:41:47",101
"2020-06-06 15:41:39",101
"2020-06-06 16:41:46",101
"2020-06-06 18:41:41",101
"2020-06-06 19:41:39",101
"2020-06-06 20:41:39",101
"2020-06-06 21:41:39",101
"2020-06-06 22:41:40",101
"2020-06-06 23:41:42",101
"2020-06-07 00:41:42",101
"2020-06-07 01:41:38",101
"2020-06-07 02:41:39",101
"2020-06-07 03:41:41",101
"2020-06-07 04:41:41",101
"2020-06-07 05:41:39",101
"2020-06-07 06:41:41",101
"2020-06-07 07:41:41",101
"2020-06-07 08:41:40",101
"2020-06-08 04:41:37",101
"2020-06-08 05:41:37",101
"2020-06-08 06:41:47",101
"2020-06-08 07:41:37",101
"2020-06-08 08:41:40",101
"2020-06-08 09:41:38",101
"2020-06-08 10:41:37",101
"2020-06-08 11:41:39",101
"2020-06-08 12:41:46",101
"2020-06-08 13:41:39",101
"2020-06-08 14:41:56",105
"2020-06-08 15:41:39",107
"2020-06-08 16:41:45",107
"2020-06-08 17:41:43",105
"2020-06-08 18:41:50",105
"2020-06-08 19:41:48",105
"2020-06-08 20:41:43",106
"2020-06-08 21:41:44",106
"2020-06-08 22:41:41",106
"2020-06-08 23:41:43",106
"2020-06-09 00:41:42",106
"2020-06-09 01:41:45",106
"2020-06-09 02:41:44",106
"2020-06-09 03:41:42",106
"2020-06-09 04:41:51",106
"2020-06-09 05:41:55",106
"2020-06-09 06:41:50",106
"2020-06-09 07:41:43",106
"2020-06-09 08:41:44",106
"2020-06-09 09:41:50",106
"2020-06-09 10:41:42",106
"2020-06-09 11:41:46",106
"2020-06-09 12:41:53",106
"2020-06-09 13:41:47",106
"2020-06-09 14:41:47",106
"2020-06-09 15:41:47",107
"2020-06-09 16:41:52",108
"2020-06-09 17:41:39",109
"2020-06-09 18:41:46",110
"2020-06-09 19:41:52",111
"2020-06-09 20:41:55",111
"2020-06-09 21:41:46",111
"2020-06-09 22:41:47",111
"2020-06-09 23:41:49",111
"2020-06-10 00:41:51",111
"2020-06-10 01:41:47",111
"2020-06-10 02:41:46",111
"2020-06-10 03:41:50",111
"2020-06-10 04:41:46",111
"2020-06-10 05:41:50",111
"2020-06-10 06:41:42",111
"2020-06-10 07:41:38",111
"2020-06-10 08:41:43",111
"2020-06-10 09:41:37",111
"2020-06-10 10:41:37",111
"2020-06-10 11:41:41",111
"2020-06-10 12:41:43",111
"2020-06-10 13:41:43",111
"2020-06-10 14:41:48",109
"2020-06-10 15:41:41",109
"2020-06-10 16:41:45",108
"2020-06-10 17:41:44",107
"2020-06-10 18:41:42",109
"2020-06-10 19:41:42",110
"2020-06-10 20:41:39",110
"2020-06-10 21:41:45",110
"2020-06-10 22:41:39",110
"2020-06-10 23:41:47",110
"2020-06-11 00:42:16",110
"2020-06-11 01:41:38",110
"2020-06-11 02:41:53",110
"2020-06-11 03:41:52",110
"2020-06-11 04:41:42",110
"2020-06-11 05:41:52",110
"2020-06-11 06:41:43",110
"2020-06-11 07:41:47",110
"2020-06-11 08:41:40",110
"2020-06-11 09:41:42",110
"2020-06-11 10:41:41",110
"2020-06-11 11:41:38",110
"2020-06-11 12:41:43",110
"2020-06-11 13:41:52",110
"2020-06-11 14:41:42",109
"2020-06-11 15:41:53",110
"2020-06-11 16:42:01",110
"2020-06-11 17:41:46",111
"2020-06-11 18:41:50",111
"2020-06-11 19:41:45",111
"2020-06-11 20:41:40",111
"2020-06-11 21:41:40",111
"2020-06-11 22:41:37",111
"2020-06-11 23:41:37",111
"2020-06-12 00:41:42",111
"2020-06-12 01:41:41",111
"2020-06-12 02:41:41",111
"2020-06-12 03:41:42",111
"2020-06-12 04:41:40",111
"2020-06-12 05:41:40",111
"2020-06-12 06:41:42",111
"2020-06-12 07:41:43",111
"2020-06-12 08:41:38",111
"2020-06-12 09:41:41",111
"2020-06-12 10:41:44",111
"2020-06-12 11:41:38",111
"2020-06-12 14:09:25",113
"2020-06-12 14:17:24",113
"2020-06-12 14:41:53",113
"2020-06-12 15:41:46",113
"2020-06-12 16:41:47",113
"2020-06-12 17:41:41",113
"2020-06-12 18:41:45",113
"2020-06-12 19:41:47",112
"2020-06-12 20:41:48",111
"2020-06-12 21:41:45",111
"2020-06-12 22:41:40",111
"2020-06-12 23:41:40",111
"2020-06-13 00:41:39",111
"2020-06-13 01:41:40",111
"2020-06-13 02:41:41",111
"2020-06-13 03:41:40",111
"2020-06-13 04:41:40",111
"2020-06-13 05:41:40",111
"2020-06-13 06:41:40",111
"2020-06-13 07:41:40",111
"2020-06-13 08:41:38",111
"2020-06-13 09:41:40",111
"2020-06-13 10:41:39",111
"2020-06-13 11:41:38",111
"2020-06-13 12:41:39",111
"2020-06-13 13:41:39",111
"2020-06-13 14:41:39",111
"2020-06-13 15:41:40",111
"2020-06-13 16:41:43",111
"2020-06-13 17:41:41",111
"2020-06-13 18:41:41",111
"2020-06-13 19:41:41",111
"2020-06-13 20:41:41",111
"2020-06-13 21:41:41",111
"2020-06-13 22:41:42",111
"2020-06-13 23:41:41",111
"2020-06-14 00:41:40",111
"2020-06-14 01:41:38",111
"2020-06-14 02:41:41",111
"2020-06-14 03:41:42",111
"2020-06-14 04:41:37",111
"2020-06-14 05:41:46",111
"2020-06-14 06:41:39",111
"2020-06-14 07:41:42",111
"2020-06-14 08:41:40",111
"2020-06-14 09:41:40",111
"2020-06-14 10:41:41",111
"2020-06-14 11:41:40",111
"2020-06-14 12:41:38",111
"2020-06-14 13:41:39",111
"2020-06-14 14:41:42",111
"2020-06-14 15:41:38",111
"2020-06-14 16:41:39",111
"2020-06-14 17:41:41",111
"2020-06-14 18:41:41",111
"2020-06-14 19:41:38",111
"2020-06-14 20:41:40",111
"2020-06-14 21:41:41",111
"2020-06-14 22:41:38",111
"2020-06-14 23:41:39",111
"2020-06-15 00:41:46",111
"2020-06-15 01:41:44",111
"2020-06-15 02:41:42",111
"2020-06-15 03:41:40",111
"2020-06-15 04:41:41",111
"2020-06-15 05:41:49",111
"2020-06-15 06:41:40",111
"2020-06-15 07:41:40",111
"2020-06-15 08:41:41",111
"2020-06-15 09:41:43",111
"2020-06-15 10:41:38",111
"2020-06-15 11:41:40",111
"2020-06-15 12:41:43",111
"2020-06-15 13:41:51",111
"2020-06-15 14:41:48",113
"2020-06-15 15:41:42",113
"2020-06-15 16:41:45",113
"2020-06-15 17:41:42",113
"2020-06-15 18:40:21",112
"2020-06-15 18:48:04",112
"2020-06-15 18:55:43",112
"2020-06-15 19:03:24",112
"2020-06-15 19:11:09",112
"2020-06-15 19:18:57",112
"2020-06-15 19:26:40",112
"2020-06-15 19:34:20",112
"2020-06-15 19:41:59",112
"2020-06-15 19:49:39",112
"2020-06-15 19:57:24",112
"2020-06-15 20:05:10",112
"2020-06-15 20:10:11",112
"2020-06-15 20:17:50",112
"2020-06-15 20:25:29",112
"2020-06-15 20:33:08",112
"2020-06-15 20:40:46",112
"2020-06-15 20:48:23",112
"2020-06-15 20:56:03",112
"2020-06-15 21:03:44",112
"2020-06-15 21:11:27",112
"2020-06-15 21:19:05",112
"2020-06-15 21:26:41",112
"2020-06-15 21:34:19",112
"2020-06-15 21:41:57",112
"2020-06-15 21:49:35",112
"2020-06-15 22:41:41",112
"2020-06-15 23:41:41",112
"2020-06-16 00:41:43",112
"2020-06-16 01:41:39",112
"2020-06-16 02:41:53",112
"2020-06-16 03:41:39",112
"2020-06-16 04:41:39",112
"2020-06-16 05:41:40",112
"2020-06-16 06:41:49",112
"2020-06-16 07:41:48",112
"2020-06-16 08:41:41",112
"2020-06-16 09:41:39",112
"2020-06-16 10:41:41",112
"2020-06-16 11:41:40",112
"2020-06-16 12:41:41",112
"2020-06-16 13:41:41",112
"2020-06-16 14:41:46",110
"2020-06-16 15:41:41",110
"2020-06-16 16:41:41",110
"2020-06-16 17:41:50",110
"2020-06-16 18:41:41",110
"2020-06-16 19:41:42",110
"2020-06-16 20:41:39",110
"2020-06-16 21:41:40",110
"2020-06-16 22:41:37",110
"2020-06-16 23:41:38",110
"2020-06-17 00:41:40",110
"2020-06-17 01:41:45",110
"2020-06-17 02:41:41",110
"2020-06-17 03:41:39",110
"2020-06-17 04:41:41",110
"2020-06-17 05:41:40",110
"2020-06-17 06:41:47",110
"2020-06-17 07:41:41",110
"2020-06-17 08:41:39",110
"2020-06-17 09:41:39",110
"2020-06-17 10:41:38",110
"2020-06-17 11:41:42",110
"2020-06-17 12:41:39",110
"2020-06-17 13:41:44",110
"2020-06-17 14:41:39",110
"2020-06-17 15:41:44",110
"2020-06-17 16:41:45",110
"2020-06-17 17:41:43",110
"2020-06-17 18:41:45",110
"2020-06-17 19:41:48",110
"2020-06-17 20:41:48",110
"2020-06-17 21:41:46",110
"2020-06-17 22:41:39",110
"2020-06-17 23:41:42",110
"2020-06-18 00:41:41",110
"2020-06-18 01:41:42",110
"2020-06-18 02:41:41",110
"2020-06-18 03:41:47",110
"2020-06-18 04:41:42",110
"2020-06-18 05:41:40",110
"2020-06-18 06:41:41",110
"2020-06-18 07:41:45",110
"2020-06-18 08:41:38",110
"2020-06-18 09:41:40",110
"2020-06-18 10:41:37",110
"2020-06-18 11:41:41",110
"2020-06-18 12:41:43",110
"2020-06-18 13:41:48",110
"2020-06-18 14:41:47",110
"2020-06-18 17:03:45",110
"2020-06-18 17:41:46",110
"2020-06-18 18:41:49",110
"2020-06-18 19:41:46",110
"2020-06-18 20:41:44",109
"2020-06-18 21:41:49",109
"2020-06-18 22:41:42",109
"2020-06-18 23:41:48",109
"2020-06-19 00:41:51",109
"2020-06-19 01:41:43",109
"2020-06-19 02:41:43",109
"2020-06-19 03:41:51",109
"2020-06-19 04:44:13",109
"2020-06-19 05:41:44",109
"2020-06-19 06:41:40",109
"2020-06-19 07:41:50",109
"2020-06-19 08:41:50",109
"2020-06-19 09:41:47",109
"2020-06-19 10:41:42",109
"2020-06-19 11:41:38",109
"2020-06-19 13:07:17",109
"2020-06-19 13:41:47",109
"2020-06-19 14:41:43",109
"2020-06-19 15:41:45",109
"2020-06-19 16:41:44",109
"2020-06-19 17:41:49",109
"2020-06-19 18:41:40",110
"2020-06-19 19:41:45",111
"2020-06-19 20:41:43",112
"2020-06-19 21:41:39",112
"2020-06-19 22:41:48",112
"2020-06-19 23:41:47",112
"2020-06-20 00:41:47",112
"2020-06-20 01:41:43",112
"2020-06-20 02:41:45",112
"2020-06-20 03:41:41",112
"2020-06-20 04:41:38",112
"2020-06-20 05:41:46",112
"2020-06-20 06:41:41",112
"2020-06-20 07:41:42",112
"2020-06-20 08:41:44",112
"2020-06-20 09:41:42",112
"2020-06-20 10:41:41",112
"2020-06-20 11:41:42",112
"2020-06-20 12:41:47",112
"2020-06-20 13:41:44",112
"2020-06-20 14:41:45",112
"2020-06-20 15:41:39",112
"2020-06-20 16:41:48",112
"2020-06-20 17:41:41",112
"2020-06-20 18:41:42",112
"2020-06-20 19:41:46",112
"2020-06-20 20:41:46",112
"2020-06-20 21:41:42",112
"2020-06-20 22:41:44",112
"2020-06-20 23:41:44",112
"2020-06-21 00:41:45",112
"2020-06-21 01:41:44",112
"2020-06-21 02:41:42",112
"2020-06-21 03:41:51",112
"2020-06-21 04:41:43",112
"2020-06-21 05:41:50",112
"2020-06-21 06:41:43",112
"2020-06-21 07:41:44",112
"2020-06-21 08:41:40",112
"2020-06-21 09:41:42",112
"2020-06-21 10:41:39",112
"2020-06-21 11:41:43",112
"2020-06-21 12:41:45",112
"2020-06-21 13:41:44",112
"2020-06-21 14:41:53",112
"2020-06-21 15:41:45",112
"2020-06-21 16:41:41",112
"2020-06-21 17:41:44",112
"2020-06-21 18:41:44",112
"2020-06-21 19:41:45",112
"2020-06-21 20:41:43",112
"2020-06-21 21:41:44",112
"2020-06-21 22:41:49",112
"2020-06-21 23:41:48",112
"2020-06-22 00:41:43",112
"2020-06-22 01:41:46",112
"2020-06-22 02:41:44",112
"2020-06-22 03:41:44",112
"2020-06-22 04:41:44",112
"2020-06-22 05:41:49",112
"2020-06-22 06:41:43",112
"2020-06-22 07:41:40",112
"2020-06-22 08:41:45",112
"2020-06-22 09:41:46",112
"2020-06-22 10:41:52",112
"2020-06-22 11:41:41",112
"2020-06-22 12:41:45",112
"2020-06-22 13:41:45",112
"2020-06-22 14:41:46",112
"2020-06-22 15:41:49",112
"2020-06-22 16:41:46",112
"2020-06-22 17:41:50",113
"2020-06-22 18:41:45",113
"2020-06-22 19:41:47",113
"2020-06-22 20:41:42",113
"2020-06-22 21:41:42",113
"2020-06-22 22:41:40",113
"2020-06-22 23:41:42",113
"2020-06-23 00:41:42",113
"2020-06-23 01:41:45",113
"2020-06-23 02:41:47",113
"2020-06-23 03:41:46",113
"2020-06-23 04:41:48",113
"2020-06-23 05:41:56",113
"2020-06-23 06:41:42",113
"2020-06-23 07:41:45",113
"2020-06-23 08:41:54",113
"2020-06-23 09:41:45",113
"2020-06-23 10:41:45",113
"2020-06-23 11:41:43",113
"2020-06-23 12:41:45",113
"2020-06-23 13:41:45",113
"2020-06-23 14:41:47",112
"2020-06-23 15:41:57",112
"2020-06-23 16:41:45",112
"2020-06-23 17:41:46",113
"2020-06-23 18:41:52",113
"2020-06-23 19:41:44",112
"2020-06-23 20:41:48",112
"2020-06-23 21:41:41",112
"2020-06-23 22:41:48",112
"2020-06-23 23:41:52",112
"2020-06-24 00:41:49",112
"2020-06-24 01:41:53",112
"2020-06-24 02:41:49",112
"2020-06-24 03:41:43",112
"2020-06-24 04:41:48",112
"2020-06-24 05:41:52",112
"2020-06-24 06:41:45",112
"2020-06-24 07:41:45",112
"2020-06-24 08:41:44",112
"2020-06-24 09:41:45",112
"2020-06-24 10:41:52",112
"2020-06-24 11:41:41",112
"2020-06-24 12:41:44",112
"2020-06-24 13:41:46",112
"2020-06-24 14:41:50",111
"2020-06-24 15:41:42",111
"2020-06-24 16:41:45",111
"2020-06-24 17:41:53",112
"2020-06-24 18:41:48",112
"2020-06-24 19:41:50",111
"2020-06-24 20:41:47",111
"2020-06-24 21:41:43",111
"2020-06-24 22:41:43",111
"2020-06-24 23:41:45",111
"2020-06-25 00:41:47",111
"2020-06-25 01:41:44",111
"2020-06-25 02:41:42",111
"2020-06-25 03:41:43",111
"2020-06-25 04:41:44",111
"2020-06-25 05:41:43",111
"2020-06-25 06:41:48",111
"2020-06-25 07:41:47",111
"2020-06-25 08:41:43",111
"2020-06-25 09:41:50",111
"2020-06-25 10:41:41",111
"2020-06-25 11:41:54",111
"2020-06-25 13:06:19",111
"2020-06-25 13:41:54",111
"2020-06-25 14:42:02",111
"2020-06-25 15:41:53",110
"2020-06-25 16:41:53",110
"2020-06-25 17:41:53",110
"2020-06-25 18:41:47",110
"2020-06-25 19:41:51",110
"2020-06-25 20:41:44",110
"2020-06-25 21:41:50",110
"2020-06-25 22:41:53",110
"2020-06-25 23:41:46",110
"2020-06-26 00:41:55",110
"2020-06-26 01:41:53",110
"2020-06-26 02:41:48",110
"2020-06-26 03:41:51",110
"2020-06-26 04:41:42",110
"2020-06-26 05:41:46",110
"2020-06-26 06:41:48",110
"2020-06-26 07:41:48",110
"2020-06-26 08:41:48",110
"2020-06-26 09:41:43",110
"2020-06-26 10:41:45",110
"2020-06-26 11:41:50",110
"2020-06-26 12:41:49",110
"2020-06-26 13:41:53",110
"2020-06-26 14:41:46",110
"2020-06-26 15:41:46",110
"2020-06-26 16:41:48",111
"2020-06-26 17:41:47",111
"2020-06-26 18:41:46",111
"2020-06-26 19:41:49",111
"2020-06-26 20:41:46",111
"2020-06-26 21:41:48",111
"2020-06-26 22:41:50",111
"2020-06-26 23:41:44",111
"2020-06-27 00:41:54",111
"2020-06-27 01:41:52",111
"2020-06-27 02:41:50",111
"2020-06-27 03:41:51",111
"2020-06-27 04:41:52",111
"2020-06-27 05:41:43",111
"2020-06-27 06:41:46",111
"2020-06-27 07:41:46",111
"2020-06-27 08:41:43",111
"2020-06-27 09:41:45",111
"2020-06-27 10:41:45",111
"2020-06-27 11:41:43",111
"2020-06-27 12:41:47",111
"2020-06-27 13:41:47",111
"2020-06-27 14:41:42",111
"2020-06-27 15:41:54",111
"2020-06-27 16:41:44",111
"2020-06-27 17:41:45",111
"2020-06-27 18:41:46",111
"2020-06-27 19:41:44",111
"2020-06-27 20:41:43",111
"2020-06-27 21:41:44",111
"2020-06-27 22:41:44",111
"2020-06-27 23:41:43",111
"2020-06-28 00:41:50",111
"2020-06-28 01:41:43",111
"2020-06-28 02:41:47",111
"2020-06-28 03:41:45",111
"2020-06-28 04:41:43",111
"2020-06-28 05:41:45",111
"2020-06-28 06:41:43",111
"2020-06-28 07:41:47",111
"2020-06-28 08:41:45",111
"2020-06-28 09:41:43",111
"2020-06-28 10:41:45",111
"2020-06-28 11:41:42",111
"2020-06-28 12:41:45",111
"2020-06-28 13:41:45",111
"2020-06-28 14:41:43",111
"2020-06-28 15:41:47",111
"2020-06-28 16:41:46",111
"2020-06-28 17:41:43",111
"2020-06-28 18:41:45",111
"2020-06-28 19:41:45",111
"2020-06-28 20:41:42",111
"2020-06-28 21:41:46",111
"2020-06-28 22:41:49",111
"2020-06-28 23:41:45",111
"2020-06-29 00:41:52",111
"2020-06-29 01:41:42",111
"2020-06-29 02:41:47",111
"2020-06-29 03:41:44",111
"2020-06-29 04:41:47",111
"2020-06-29 05:41:43",111
"2020-06-29 06:41:48",111
"2020-06-29 07:41:47",111
"2020-06-29 08:41:46",111
"2020-06-29 09:41:46",111
"2020-06-29 10:41:47",111
"2020-06-29 11:41:45",111
"2020-06-29 12:41:51",111
"2020-06-29 13:41:51",111
"2020-06-29 14:41:57",111
"2020-06-29 15:41:47",111
"2020-06-29 16:41:47",111
"2020-06-29 17:41:45",112
"2020-06-29 18:41:46",112
"2020-06-29 19:41:45",112
"2020-06-29 20:41:45",112
"2020-06-29 21:41:45",112
"2020-06-29 22:41:44",112
"2020-06-29 23:41:48",112
"2020-06-30 00:41:49",112
"2020-06-30 01:41:51",112
"2020-06-30 02:41:59",112
"2020-06-30 03:41:45",112
"2020-06-30 04:41:52",112
"2020-06-30 05:41:50",112
"2020-06-30 06:41:54",112
"2020-06-30 07:41:45",112
"2020-06-30 08:41:44",112
"2020-06-30 09:41:50",112
"2020-06-30 10:41:46",112
"2020-06-30 11:41:44",112
"2020-06-30 12:41:46",112
"2020-06-30 13:42:00",112
"2020-06-30 14:41:52",111
"2020-06-30 15:41:51",112
"2020-06-30 16:41:55",112
"2020-06-30 17:41:47",112
"2020-06-30 18:41:49",112
"2020-06-30 19:41:47",112
"2020-06-30 20:41:49",111
"2020-06-30 21:41:51",111
"2020-06-30 22:41:43",111
"2020-06-30 23:41:46",111
"2020-07-01 00:42:08",111
"2020-07-01 01:41:47",111
"2020-07-01 02:41:53",111
"2020-07-01 03:41:49",111
"2020-07-01 04:41:50",111
"2020-07-01 05:41:47",111
"2020-07-01 06:41:47",111
"2020-07-01 07:41:48",111
"2020-07-01 08:41:52",111
"2020-07-01 09:42:01",111
"2020-07-01 10:41:58",111
"2020-07-01 11:41:46",111
"2020-07-01 13:05:56",111
"2020-07-01 13:42:00",111
"2020-07-01 14:42:01",112
"2020-07-01 15:42:00",112
"2020-07-01 16:41:59",114
"2020-07-01 17:41:54",114
"2020-07-01 18:41:57",112
"2020-07-01 19:42:00",112
"2020-07-01 20:41:56",112
"2020-07-01 21:41:51",112
"2020-07-01 22:41:56",112
"2020-07-01 23:41:54",112
"2020-07-02 00:42:13",112
"2020-07-02 01:41:52",112
"2020-07-02 02:41:54",112
"2020-07-02 03:41:54",112
"2020-07-02 04:41:52",112
"2020-07-02 05:41:52",112
"2020-07-02 06:41:52",112
"2020-07-02 07:41:49",112
"2020-07-02 08:41:49",112
"2020-07-02 09:41:52",112
"2020-07-02 10:41:50",112
"2020-07-02 11:41:51",112
"2020-07-02 13:08:54",112
"2020-07-02 13:42:05",112
"2020-07-02 14:41:51",112
"2020-07-02 15:41:51",112
"2020-07-02 16:41:55",113
"2020-07-02 17:41:56",113
"2020-07-02 18:41:56",113
"2020-07-02 19:41:52",113
"2020-07-02 20:41:46",113
"2020-07-02 21:41:52",113
"2020-07-02 22:41:46",113
"2020-07-02 23:41:47",113
"2020-07-03 00:41:59",113
"2020-07-03 01:41:51",113
"2020-07-03 02:41:54",113
"2020-07-03 03:41:49",113
"2020-07-03 04:41:56",113
"2020-07-03 05:41:49",113
"2020-07-03 06:41:50",113
"2020-07-03 07:41:48",113
"2020-07-03 08:41:48",113
"2020-07-03 09:41:59",113
"2020-07-03 10:41:49",113
"2020-07-03 11:41:49",113
"2020-07-03 12:41:47",113
"2020-07-03 13:41:48",113
"2020-07-03 14:41:55",113
"2020-07-03 15:41:47",113
"2020-07-03 16:41:49",113
"2020-07-03 17:41:49",113
"2020-07-03 18:41:53",113
"2020-07-03 19:41:49",113
"2020-07-03 20:41:49",113
"2020-07-03 21:41:50",113
"2020-07-03 22:41:47",113
"2020-07-03 23:41:49",113
"2020-07-04 00:41:48",113
"2020-07-04 01:41:51",113
"2020-07-04 02:41:55",113
"2020-07-04 03:41:50",113
"2020-07-04 04:41:47",113
"2020-07-04 05:41:50",113
"2020-07-04 06:41:50",113
"2020-07-04 07:41:49",113
"2020-07-04 08:41:48",113
"2020-07-04 09:41:50",113
"2020-07-04 11:35:57",113
"2020-07-04 11:43:46",113
"2020-07-04 12:41:51",113
"2020-07-04 13:41:49",113
"2020-07-04 14:41:50",113
"2020-07-04 15:41:46",113
"2020-07-04 16:41:56",113
"2020-07-04 17:41:49",113
"2020-07-04 18:41:48",113
"2020-07-04 19:41:46",113
"2020-07-04 20:41:50",113
"2020-07-04 21:41:48",113
"2020-07-04 22:41:47",113
"2020-07-04 23:41:51",113
"2020-07-05 00:41:51",113
"2020-07-05 01:41:50",113
"2020-07-05 02:41:46",113
"2020-07-05 03:41:49",113
"2020-07-05 04:41:47",113
"2020-07-05 05:41:49",113
"2020-07-05 06:41:49",113
"2020-07-05 07:41:50",113
"2020-07-05 08:41:49",113
"2020-07-05 09:41:49",113
"2020-07-05 11:33:33",113
"2020-07-05 11:45:15",113
"2020-07-05 12:41:49",113
"2020-07-05 13:41:50",113
"2020-07-05 14:41:46",113
"2020-07-05 15:41:52",113
"2020-07-05 16:41:52",113
"2020-07-05 17:41:47",113
"2020-07-05 18:41:47",113
"2020-07-05 19:41:49",113
"2020-07-05 20:41:48",113
"2020-07-05 21:41:49",113
"2020-07-05 22:41:46",113
"2020-07-05 23:41:47",113
"2020-07-06 00:41:50",113
"2020-07-06 01:41:51",113
"2020-07-06 02:41:49",113
"2020-07-06 03:41:49",113
"2020-07-06 04:41:48",113
"2020-07-06 05:41:45",113
"2020-07-06 06:41:51",113
"2020-07-06 07:41:53",113
"2020-07-06 08:41:52",113
"2020-07-06 09:41:48",113
"2020-07-06 11:39:12",113
"2020-07-06 11:49:44",113
"2020-07-06 14:07:31",114
"2020-07-06 14:15:36",114
"2020-07-06 14:41:57",114
"2020-07-06 15:41:51",114
"2020-07-06 16:41:59",115
"2020-07-06 17:41:52",115
"2020-07-06 18:41:50",116
"2020-07-06 19:41:48",116
"2020-07-06 20:41:49",117
"2020-07-06 21:41:48",117
"2020-07-06 22:41:53",117
"2020-07-06 23:41:48",117
"2020-07-07 00:41:50",117
"2020-07-07 01:41:46",117
"2020-07-07 02:41:49",117
"2020-07-07 03:41:54",117
"2020-07-07 04:41:48",117
"2020-07-07 05:41:46",117
"2020-07-07 06:41:46",117
"2020-07-07 07:41:45",117
"2020-07-07 08:41:45",117
"2020-07-07 11:22:39",117
"2020-07-07 11:27:39",117
"2020-07-07 11:41:48",117
"2020-07-07 12:41:51",117
"2020-07-07 13:41:50",117
"2020-07-07 14:41:50",120
"2020-07-07 15:41:56",119
"2020-07-07 16:42:01",119
"2020-07-07 17:41:54",119
"2020-07-07 18:41:46",119
"2020-07-07 19:41:58",119
"2020-07-07 20:41:51",119
"2020-07-07 21:41:58",119
"2020-07-07 22:41:52",119
"2020-07-07 23:41:50",119
"2020-07-08 00:42:02",119
"2020-07-08 01:41:55",119
"2020-07-08 02:41:50",119
"2020-07-08 03:41:52",119
"2020-07-08 04:41:49",119
"2020-07-08 05:41:56",119
"2020-07-08 06:41:52",119
"2020-07-08 07:41:52",119
"2020-07-08 08:41:51",119
"2020-07-08 11:47:48",119
"2020-07-08 11:52:21",119
"2020-07-08 11:53:55",119
"2020-07-08 13:09:56",119
"2020-07-08 13:42:00",119
"2020-07-08 14:41:51",119
"2020-07-08 15:41:52",119
"2020-07-08 16:41:53",118
"2020-07-08 17:41:55",118
"2020-07-08 18:41:55",118
"2020-07-08 19:41:55",119
"2020-07-08 20:41:52",119
"2020-07-08 21:41:52",119
"2020-07-08 22:41:50",119
"2020-07-08 23:41:53",119
"2020-07-09 00:42:10",119
"2020-07-09 01:41:52",119
"2020-07-09 18:41:54",119
"2020-07-09 18:44:16",119
"2020-07-09 18:57:20",119
"2020-07-09 19:43:28",119
"2020-07-09 20:41:54",119
"2020-07-09 21:41:52",119
"2020-07-09 22:41:56",119
"2020-07-09 23:41:52",119
"2020-07-10 00:42:09",119
"2020-07-10 01:41:51",119
"2020-07-10 02:41:55",119
"2020-07-10 03:41:52",119
"2020-07-10 04:41:47",119
"2020-07-10 05:41:48",119
"2020-07-10 06:41:51",119
"2020-07-10 07:41:52",119
"2020-07-10 08:41:51",119
"2020-07-10 11:41:34",119
"2020-07-10 11:49:22",119
"2020-07-10 11:56:58",119
"2020-07-10 13:09:55",119
"2020-07-10 13:41:54",119
"2020-07-10 14:41:49",119
"2020-07-10 15:41:51",119
"2020-07-10 16:41:53",119
"2020-07-10 17:41:51",119
"2020-07-10 18:41:53",119
"2020-07-10 19:41:54",119
"2020-07-10 20:41:49",119
"2020-07-10 21:42:01",119
"2020-07-10 22:41:48",119
"2020-07-10 23:41:54",119
"2020-07-11 00:41:50",119
"2020-07-11 01:41:51",119
"2020-07-11 02:41:48",119
"2020-07-11 03:41:52",119
"2020-07-11 04:41:51",119
"2020-07-11 05:41:48",119
"2020-07-11 06:41:47",119
"2020-07-11 07:41:53",119
"2020-07-11 08:41:54",119
"2020-07-11 11:46:16",119
"2020-07-11 11:50:03",119
"2020-07-11 11:55:12",119
"2020-07-11 12:41:51",119
"2020-07-11 13:41:53",119
"2020-07-11 14:41:51",119
"2020-07-11 15:41:53",119
"2020-07-11 16:41:47",119
"2020-07-11 17:41:52",119
"2020-07-11 18:41:51",119
"2020-07-11 19:41:49",119
"2020-07-11 20:41:45",119
"2020-07-11 21:41:51",119
"2020-07-11 22:41:51",119
"2020-07-11 23:41:50",119
"2020-07-12 00:41:49",119
"2020-07-12 01:41:57",119
"2020-07-12 02:41:49",119
"2020-07-12 03:41:53",119
"2020-07-12 04:41:49",119
"2020-07-12 05:41:50",119
"2020-07-12 06:41:54",119
"2020-07-12 07:41:50",119
"2020-07-12 08:41:46",119
"2020-07-12 11:32:28",119
"2020-07-12 11:34:57",119
"2020-07-12 11:51:17",119
"2020-07-12 12:41:48",119
"2020-07-12 13:41:52",119
"2020-07-12 14:41:47",119
"2020-07-12 15:41:50",119
"2020-07-12 16:41:52",119
"2020-07-12 17:41:47",119
"2020-07-12 18:41:50",119
"2020-07-12 19:41:50",119
"2020-07-12 20:41:53",119
"2020-07-12 21:41:47",119
"2020-07-12 22:41:53",119
"2020-07-12 23:41:48",119
"2020-07-13 00:42:00",119
"2020-07-13 01:42:01",119
"2020-07-13 02:41:58",119
"2020-07-13 03:41:52",119
"2020-07-13 04:41:52",119
"2020-07-13 05:41:48",119
"2020-07-13 06:41:56",119
"2020-07-13 07:41:50",119
"2020-07-13 08:41:49",119
"2020-07-13 11:55:57",119
"2020-07-13 11:58:18",119
"2020-07-13 12:00:30",119
"2020-07-13 12:42:02",119
"2020-07-13 13:41:51",118
"2020-07-13 14:41:50",121
"2020-07-13 15:41:58",121
"2020-07-13 16:41:52",122
"2020-07-13 17:41:52",122
"2020-07-13 18:41:53",123
"2020-07-13 19:41:57",122
"2020-07-13 20:41:56",122
"2020-07-13 21:41:54",122
"2020-07-13 22:41:58",122
"2020-07-13 23:41:54",122
"2020-07-14 00:42:01",122
"2020-07-14 01:41:57",122
"2020-07-14 02:41:57",122
"2020-07-14 03:41:51",122
"2020-07-14 04:41:50",122
"2020-07-14 05:41:50",122
"2020-07-14 06:41:53",122
"2020-07-14 07:41:53",122
"2020-07-14 08:41:53",122
"2020-07-14 12:04:32",122
"2020-07-14 12:08:21",122
"2020-07-14 12:14:03",122
"2020-07-14 12:41:57",122
"2020-07-14 13:42:04",122
"2020-07-14 14:41:56",122
"2020-07-14 15:42:01",122
"2020-07-14 16:42:04",122
"2020-07-14 17:42:06",122
"2020-07-14 18:41:55",122
"2020-07-14 19:41:53",122
"2020-07-14 20:41:55",122
"2020-07-14 21:41:57",122
"2020-07-14 22:41:59",122
"2020-07-14 23:42:01",122
"2020-07-15 00:42:02",122
"2020-07-15 01:41:58",122
"2020-07-15 02:28:22",122
"2020-07-15 02:36:11",122
"2020-07-15 02:43:50",122
"2020-07-15 02:51:31",122
"2020-07-15 02:59:30",122
"2020-07-15 03:13:09",122
"2020-07-15 03:20:55",122
"2020-07-15 03:28:47",122
"2020-07-15 03:36:37",122
"2020-07-15 03:44:20",122
"2020-07-15 03:52:04",122
"2020-07-15 03:59:48",122
"2020-07-15 04:07:39",122
"2020-07-15 04:15:25",122
"2020-07-15 04:23:10",122
"2020-07-15 04:31:00",122
"2020-07-15 04:38:47",122
"2020-07-15 04:46:30",122
"2020-07-15 04:54:15",122
"2020-07-15 05:02:27",122
"2020-07-15 05:10:17",122
"2020-07-15 12:16:33",122
"2020-07-15 12:25:02",122
"2020-07-15 12:32:56",122
"2020-07-15 12:40:50",122
"2020-07-15 12:48:43",122
"2020-07-15 12:56:38",122
"2020-07-15 13:04:35",122
"2020-07-15 13:12:47",122
"2020-07-15 13:20:56",122
"2020-07-15 13:29:06",122
"2020-07-15 13:37:04",122
"2020-07-15 13:45:09",122
"2020-07-15 13:53:06",122
"2020-07-15 14:01:06",122
"2020-07-15 14:09:10",122
"2020-07-15 14:17:12",122
"2020-07-15 14:25:14",122
"2020-07-15 14:33:17",122
"2020-07-15 14:43:10",122
"2020-07-15 14:53:04",122
"2020-07-15 15:03:05",122
"2020-07-15 15:13:12",122
"2020-07-15 15:23:07",122
"2020-07-15 15:33:04",122
"2020-07-15 15:43:04",122
"2020-07-15 15:53:19",122
"2020-07-15 16:03:19",122
"2020-07-15 16:13:24",122
"2020-07-15 16:23:26",122
"2020-07-15 16:33:35",122
"2020-07-15 16:43:46",122
"2020-07-15 16:54:00",122
"2020-07-15 17:04:04",122
"2020-07-15 17:11:23",122
"2020-07-15 17:19:18",122
"2020-07-15 17:27:02",122
"2020-07-15 17:34:49",122
"2020-07-15 17:42:35",122
"2020-07-15 17:50:23",122
"2020-07-15 17:58:17",122
"2020-07-15 18:06:17",122
"2020-07-15 18:14:11",122
"2020-07-15 18:22:07",122
"2020-07-15 18:29:59",122
"2020-07-15 18:37:57",122
"2020-07-15 18:46:07",122
"2020-07-15 18:54:05",122
"2020-07-15 19:02:16",122
"2020-07-15 19:10:21",122
"2020-07-15 19:18:11",122
"2020-07-15 19:26:05",122
"2020-07-15 19:36:08",122
"2020-07-15 19:46:03",122
"2020-07-15 19:55:53",122
"2020-07-15 20:05:50",122
"2020-07-15 20:15:46",122
"2020-07-15 20:25:53",122
"2020-07-15 20:35:40",122
"2020-07-15 20:45:27",122
"2020-07-15 20:55:12",122
"2020-07-15 21:05:01",122
"2020-07-15 21:14:49",122
"2020-07-15 21:24:36",122
"2020-07-15 21:34:57",122
"2020-07-15 21:45:00",122
"2020-07-15 21:55:10",122
"2020-07-15 22:05:12",122
"2020-07-15 22:15:04",122
"2020-07-15 22:24:59",122
"2020-07-15 22:34:45",122
"2020-07-15 22:44:28",122
"2020-07-15 22:54:12",122
"2020-07-15 22:57:58",122
"2020-07-15 23:03:22",122
"2020-07-15 23:23:54",122
"2020-07-15 23:33:41",122
"2020-07-15 23:43:30",122
"2020-07-15 23:53:14",122
"2020-07-16 00:03:31",122
"2020-07-16 00:13:59",122
"2020-07-16 00:24:28",122
"2020-07-16 00:34:52",122
"2020-07-16 00:44:53",122
"2020-07-16 00:54:41",122
"2020-07-16 01:04:34",122
"2020-07-16 01:14:24",122
"2020-07-16 01:24:23",122
"2020-07-16 01:34:08",122
"2020-07-16 01:43:53",122
"2020-07-16 01:53:43",122
"2020-07-16 02:03:36",122
"2020-07-16 02:13:32",122
"2020-07-16 02:24:01",122
"2020-07-16 02:34:03",122
"2020-07-16 02:44:05",122
"2020-07-16 02:55:03",122
"2020-07-16 02:57:36",122
"2020-07-16 03:14:37",122
"2020-07-16 03:25:01",122
"2020-07-16 03:35:02",122
"2020-07-16 03:45:02",122
"2020-07-16 03:55:08",122
"2020-07-16 04:05:40",122
"2020-07-16 04:15:40",122
"2020-07-16 04:25:35",122
"2020-07-16 04:35:33",122
"2020-07-16 04:45:27",122
"2020-07-16 04:55:20",122
"2020-07-16 05:05:18",122
"2020-07-16 05:15:10",122
"2020-07-16 05:25:03",122
"2020-07-16 05:34:54",122
"2020-07-16 05:47:24",122
"2020-07-16 05:58:47",122
"2020-07-16 06:08:46",122
"2020-07-16 06:16:41",122
"2020-07-16 06:25:02",122
"2020-07-16 06:34:25",122
"2020-07-16 06:43:44",122
"2020-07-16 06:54:28",122
"2020-07-16 06:57:34",122
"2020-07-16 07:00:15",122
"2020-07-16 07:25:27",122
"2020-07-16 07:36:26",122
"2020-07-16 07:40:45",122
"2020-07-16 07:50:25",122
"2020-07-16 07:56:58",122
"2020-07-16 08:07:50",122
"2020-07-16 08:17:52",122
"2020-07-16 08:27:14",122
"2020-07-16 08:36:45",122
"2020-07-16 08:46:04",122
"2020-07-16 08:55:07",122
"2020-07-16 09:04:35",122
"2020-07-16 09:14:31",122
"2020-07-16 09:24:36",122
"2020-07-16 09:34:25",122
"2020-07-16 09:43:31",122
"2020-07-16 09:52:15",122
"2020-07-16 10:01:11",122
"2020-07-16 10:10:17",122
"2020-07-16 10:18:54",122
"2020-07-16 10:27:14",122
"2020-07-16 10:35:44",122
"2020-07-16 10:46:08",122
"2020-07-16 10:56:38",122
"2020-07-16 11:07:37",122
"2020-07-16 11:18:36",122
"2020-07-16 11:29:05",122
"2020-07-16 11:39:30",122
"2020-07-16 11:50:20",122
"2020-07-16 12:01:41",122
"2020-07-16 12:13:24",122
"2020-07-16 12:24:25",122
"2020-07-16 12:35:43",122
"2020-07-16 12:46:49",122
"2020-07-16 12:57:47",122
"2020-07-16 13:09:23",122
"2020-07-16 13:21:14",122
"2020-07-16 13:33:14",122
"2020-07-16 13:44:34",122
"2020-07-16 13:55:26",122
"2020-07-16 14:06:38",123
"2020-07-16 14:17:44",123
"2020-07-16 14:28:55",123
"2020-07-16 14:33:17",123
"2020-07-16 14:39:04",123
"2020-07-16 15:01:21",123
"2020-07-16 15:12:23",123
"2020-07-16 16:56:08",124
"2020-07-16 17:04:25",124
"2020-07-16 17:12:41",124
"2020-07-16 17:20:52",124
"2020-07-16 17:28:55",124
"2020-07-16 17:37:11",124
"2020-07-16 17:45:21",124
"2020-07-16 17:53:25",124
"2020-07-16 18:01:35",124
"2020-07-16 18:09:53",124
"2020-07-16 18:18:04",124
"2020-07-16 18:26:15",124
"2020-07-16 18:34:22",124
"2020-07-16 18:42:28",124
"2020-07-16 18:50:47",124
"2020-07-16 18:58:54",124
"2020-07-16 19:07:03",124
"2020-07-16 19:15:16",123
"2020-07-16 19:25:21",123
"2020-07-16 19:35:29",123
"2020-07-16 19:45:36",123
"2020-07-16 19:55:37",123
"2020-07-16 20:05:44",123
"2020-07-16 20:15:46",123
"2020-07-16 20:25:46",123
"2020-07-16 20:35:47",123
"2020-07-16 20:45:52",123
"2020-07-16 20:55:54",123
"2020-07-16 21:06:02",123
"2020-07-16 21:16:06",123
"2020-07-16 21:26:10",123
"2020-07-16 21:36:33",123
"2020-07-16 21:46:41",123
"2020-07-16 21:56:43",123
"2020-07-16 22:06:53",123
"2020-07-16 22:16:54",123
"2020-07-16 22:26:55",123
"2020-07-16 22:36:58",123
"2020-07-16 22:46:57",123
"2020-07-16 22:50:51",123
"2020-07-16 22:56:12",123
"2020-07-16 23:17:04",123
"2020-07-16 23:27:04",123
"2020-07-16 23:37:03",123
"2020-07-16 23:47:01",123
"2020-07-16 23:57:03",123
"2020-07-17 00:07:51",123
"2020-07-17 00:18:28",123
"2020-07-17 00:28:56",123
"2020-07-17 00:39:34",123
"2020-07-17 00:49:46",123
"2020-07-17 00:59:59",123
"2020-07-17 01:10:14",123
"2020-07-17 01:20:20",123
"2020-07-17 01:30:20",123
"2020-07-17 01:40:23",123
"2020-07-17 01:50:25",123
"2020-07-17 02:00:30",123
"2020-07-17 02:10:34",123
"2020-07-17 02:20:41",123
"2020-07-17 02:30:41",123
"2020-07-17 02:40:37",123
"2020-07-17 02:51:16",123
"2020-07-17 02:53:50",123
"2020-07-17 03:10:43",123
"2020-07-17 03:20:44",123
"2020-07-17 03:30:50",123
"2020-07-17 03:40:56",123
"2020-07-17 03:51:01",123
"2020-07-17 04:01:11",123
"2020-07-17 04:11:23",123
"2020-07-17 04:21:28",123
"2020-07-17 04:31:34",123
"2020-07-17 04:41:38",123
"2020-07-17 04:51:40",123
"2020-07-17 05:01:47",123
"2020-07-17 05:11:53",123
"2020-07-17 05:21:59",123
"2020-07-17 05:31:58",123
"2020-07-17 05:42:00",123
"2020-07-17 05:51:59",123
"2020-07-17 06:02:02",123
"2020-07-17 06:10:17",123
"2020-07-17 06:18:25",123
"2020-07-17 06:26:40",123
"2020-07-17 06:34:52",123
"2020-07-17 06:44:17",123
"2020-07-17 06:46:45",123
"2020-07-17 06:49:08",123
"2020-07-17 07:08:07",123
"2020-07-17 07:16:17",123
"2020-07-17 07:24:25",123
"2020-07-17 07:32:34",123
"2020-07-17 07:40:39",123
"2020-07-17 07:48:45",123
"2020-07-17 07:56:50",123
"2020-07-17 08:05:11",123
"2020-07-17 08:13:36",123
"2020-07-17 08:22:07",123
"2020-07-17 08:30:42",123
"2020-07-17 08:39:13",123
"2020-07-17 08:47:30",123
"2020-07-17 08:55:42",123
"2020-07-17 09:03:58",123
"2020-07-17 09:12:05",123
"2020-07-17 09:20:14",123
"2020-07-17 09:28:22",123
"2020-07-17 09:36:26",123
"2020-07-17 09:44:27",123
"2020-07-17 09:52:29",123
"2020-07-17 10:00:53",123
"2020-07-17 10:04:48",123
"2020-07-17 10:10:41",123
"2020-07-17 10:25:02",123
"2020-07-17 10:35:04",123
"2020-07-17 10:45:07",123
"2020-07-17 10:55:16",123
"2020-07-17 11:05:43",123
"2020-07-17 11:15:50",123
"2020-07-17 11:25:56",123
"2020-07-17 11:36:03",123
"2020-07-17 11:46:07",123
"2020-07-17 11:56:15",123
"2020-07-17 12:06:34",123
"2020-07-17 12:16:56",123
"2020-07-17 12:27:09",123
"2020-07-17 12:37:16",123
"2020-07-17 12:47:20",123
"2020-07-17 12:57:29",123
"2020-07-17 13:08:11",123
"2020-07-17 13:18:41",123
"2020-07-17 13:27:04",123
"2020-07-17 13:35:41",123
"2020-07-17 13:44:01",123
"2020-07-17 13:52:04",123
"2020-07-17 14:00:53",123
"2020-07-17 14:09:29",123
"2020-07-17 14:17:54",123
"2020-07-17 14:26:15",123
"2020-07-17 14:34:34",123
"2020-07-17 14:42:38",123
"2020-07-17 14:50:41",123
"2020-07-17 14:59:14",123
"2020-07-17 15:08:11",123
"2020-07-17 15:17:04",121
"2020-07-17 15:25:37",121
"2020-07-17 15:34:09",121
"2020-07-17 15:42:35",121
"2020-07-17 15:50:56",121
"2020-07-17 15:57:04",121
"2020-07-17 16:06:16",120
"2020-07-17 16:13:34",120
"2020-07-17 16:22:27",120
"2020-07-17 16:31:10",120
"2020-07-17 16:39:46",120
"2020-07-17 16:48:16",120
"2020-07-17 16:56:46",120
"2020-07-17 17:01:21",120
"2020-07-17 17:09:36",120
"2020-07-17 17:17:50",120
"2020-07-17 17:26:26",120
"2020-07-17 17:34:49",120
"2020-07-17 17:43:19",120
"2020-07-17 17:51:44",120
"2020-07-17 18:00:18",120
"2020-07-17 18:09:07",120
"2020-07-17 18:17:42",120
"2020-07-17 18:26:09",120
"2020-07-17 18:34:43",120
"2020-07-17 18:43:10",120
"2020-07-17 18:51:34",120
"2020-07-17 19:00:12",120
"2020-07-17 19:03:17",120
"2020-07-17 19:12:46",120
"2020-07-17 19:21:12",120
"2020-07-17 19:29:25",120
"2020-07-17 19:37:34",120
"2020-07-17 19:41:13",120
"2020-07-17 19:49:15",120
"2020-07-17 19:57:21",120
"2020-07-17 20:05:34",121
"2020-07-17 20:13:37",121
"2020-07-17 20:21:37",121
"2020-07-17 20:29:36",121
"2020-07-17 20:37:42",121
"2020-07-17 20:45:41",121
"2020-07-17 20:53:42",121
"2020-07-17 21:01:55",121
"2020-07-17 21:10:07",121
"2020-07-17 21:18:05",121
"2020-07-17 21:26:03",121
"2020-07-17 21:34:04",121
"2020-07-17 21:42:05",121
"2020-07-17 21:50:12",121
"2020-07-17 21:58:21",121
"2020-07-17 22:08:42",121
"2020-07-17 22:18:54",121
"2020-07-17 22:29:00",121
"2020-07-17 22:39:17",121
"2020-07-17 22:49:42",121
"2020-07-17 23:00:18",121
"2020-07-17 23:11:01",121
"2020-07-17 23:21:12",121
"2020-07-17 23:31:17",121
"2020-07-17 23:41:21",121
"2020-07-17 23:51:25",121
"2020-07-18 00:02:25",121
"2020-07-18 00:14:19",121
"2020-07-18 00:25:01",121
"2020-07-18 00:35:32",121
"2020-07-18 00:46:16",121
"2020-07-18 00:56:30",121
"2020-07-18 01:06:43",121
"2020-07-18 01:16:51",121
"2020-07-18 01:27:00",121
"2020-07-18 01:37:06",121
"2020-07-18 01:41:03",121
"2020-07-18 01:46:23",121
"2020-07-18 02:07:17",121
"2020-07-18 02:17:22",121
"2020-07-18 02:27:22",121
"2020-07-18 02:37:21",121
"2020-07-18 02:47:20",121
"2020-07-18 02:57:20",121
"2020-07-18 03:07:35",121
"2020-07-18 03:17:44",121
"2020-07-18 03:27:51",121
"2020-07-18 03:37:58",121
"2020-07-18 03:48:09",121
"2020-07-18 03:58:21",121
"2020-07-18 04:08:55",121
"2020-07-18 04:19:31",121
"2020-07-18 04:29:49",121
"2020-07-18 04:39:55",121
"2020-07-18 04:49:57",121
"2020-07-18 05:00:05",121
"2020-07-18 05:10:54",121
"2020-07-18 05:21:14",121
"2020-07-18 05:31:25",121
"2020-07-18 05:42:04",121
"2020-07-18 05:44:37",121
"2020-07-18 06:01:35",121
"2020-07-18 06:11:52",121
"2020-07-18 08:35:51",121
"2020-07-18 08:44:03",121
"2020-07-18 08:52:09",121
"2020-07-18 09:00:14",121
"2020-07-18 09:08:18",121
"2020-07-18 09:16:17",121
"2020-07-18 09:24:16",121
"2020-07-18 09:32:19",121
"2020-07-18 09:40:20",121
"2020-07-18 09:48:20",121
"2020-07-18 09:56:22",121
"2020-07-18 10:04:26",121
"2020-07-18 10:12:30",121
"2020-07-18 10:20:29",121
"2020-07-18 10:28:35",121
"2020-07-18 10:36:35",121
"2020-07-18 10:44:31",121
"2020-07-18 10:52:28",121
"2020-07-18 11:02:29",121
"2020-07-18 11:12:30",121
"2020-07-18 11:22:29",121
"2020-07-18 11:32:28",121
"2020-07-18 11:42:26",121
"2020-07-18 11:52:23",121
"2020-07-18 12:02:26",121
"2020-07-18 12:12:37",121
"2020-07-18 12:22:44",121
"2020-07-18 12:32:45",121
"2020-07-18 12:42:47",121
"2020-07-18 12:52:49",121
"2020-07-18 13:03:02",121
"2020-07-18 13:13:17",121
"2020-07-18 13:23:23",121
"2020-07-18 13:33:25",121
"2020-07-18 13:43:20",121
"2020-07-18 13:53:17",121
"2020-07-18 14:03:14",121
"2020-07-18 14:13:12",121
"2020-07-18 14:23:09",121
"2020-07-18 14:27:02",121
"2020-07-18 14:32:24",121
"2020-07-18 14:53:11",121
"2020-07-18 15:03:14",121
"2020-07-18 15:13:20",121
"2020-07-18 15:23:22",121
"2020-07-18 15:33:21",121
"2020-07-18 15:43:19",121
"2020-07-18 15:53:18",121
"2020-07-18 16:03:19",121
"2020-07-18 16:13:20",121
"2020-07-18 16:23:21",121
"2020-07-18 16:33:22",121
"2020-07-18 16:43:22",121
"2020-07-18 16:53:19",121
"2020-07-18 17:03:20",121
"2020-07-18 17:13:29",121
"2020-07-18 17:23:28",121
"2020-07-18 17:33:27",121
"2020-07-18 17:43:24",121
"2020-07-18 17:53:22",121
"2020-07-18 18:03:20",121
"2020-07-18 18:13:23",121
"2020-07-18 18:24:01",121
"2020-07-18 18:26:33",121
"2020-07-18 18:43:15",121
"2020-07-18 18:53:12",121
"2020-07-18 19:03:16",121
"2020-07-18 19:13:41",121
"2020-07-18 19:23:39",121
"2020-07-18 19:33:56",121
"2020-07-18 19:43:56",121
"2020-07-18 22:08:20",121
"2020-07-18 22:15:52",121
"2020-07-18 22:23:26",121
"2020-07-18 22:30:58",121
"2020-07-18 22:38:31",121
"2020-07-18 22:46:04",121
"2020-07-18 22:53:36",121
"2020-07-18 23:01:11",121
"2020-07-18 23:08:45",121
"2020-07-18 23:16:18",121
"2020-07-18 23:23:51",121
"2020-07-18 23:31:24",121
"2020-07-18 23:39:01",121
"2020-07-18 23:46:42",121
"2020-07-18 23:54:30",121
"2020-07-19 00:02:14",121
"2020-07-19 00:09:45",121
"2020-07-19 00:17:20",121
"2020-07-19 00:26:55",121
"2020-07-19 00:36:30",121
"2020-07-19 00:46:05",121
"2020-07-19 00:55:40",121
"2020-07-19 01:05:16",121
"2020-07-19 01:14:51",121
"2020-07-19 01:24:27",121
"2020-07-19 01:34:03",121
"2020-07-19 01:43:38",121
"2020-07-19 01:53:13",121
"2020-07-19 02:02:48",121
"2020-07-19 02:12:23",121
"2020-07-19 02:21:57",121
"2020-07-19 02:31:30",121
"2020-07-19 02:41:04",121
"2020-07-19 02:50:37",121
"2020-07-19 03:00:11",121
"2020-07-19 03:09:46",121
"2020-07-19 03:19:20",121
"2020-07-19 03:28:55",121
"2020-07-19 03:38:28",121
"2020-07-19 03:42:09",121
"2020-07-19 03:47:12",121
"2020-07-19 04:07:13",121
"2020-07-19 04:16:46",121
"2020-07-19 04:26:19",121
"2020-07-19 04:35:53",121
"2020-07-19 04:45:27",121
"2020-07-19 04:55:00",121
"2020-07-19 05:04:33",121
"2020-07-19 05:14:05",121
"2020-07-19 05:23:39",121
"2020-07-19 05:33:11",121
"2020-07-19 05:42:43",121
"2020-07-19 05:52:15",121
"2020-07-19 06:01:47",121
"2020-07-19 06:11:21",121
"2020-07-19 06:20:59",121
"2020-07-19 06:30:34",121
"2020-07-19 06:41:42",121
"2020-07-19 06:49:19",121
"2020-07-19 06:56:54",121
"2020-07-19 07:04:29",121
"2020-07-19 07:12:06",121
"2020-07-19 07:19:42",121
"2020-07-19 07:27:16",121
"2020-07-19 07:34:49",121
"2020-07-19 07:42:24",121
"2020-07-19 07:49:59",121
"2020-07-19 07:57:33",121
"2020-07-19 08:05:07",121
"2020-07-19 08:12:41",121
"2020-07-19 08:20:14",121
"2020-07-19 08:27:53",121
"2020-07-19 08:35:27",121
"2020-07-19 08:42:55",121
"2020-07-19 08:50:29",121
"2020-07-19 09:00:03",121
"2020-07-19 09:09:39",121
"2020-07-19 09:19:14",121
"2020-07-19 09:28:49",121
"2020-07-19 09:38:28",121
"2020-07-19 09:48:11",121
"2020-07-19 09:57:53",121
"2020-07-19 10:07:37",121
"2020-07-19 10:17:11",121
"2020-07-19 10:26:46",121
"2020-07-19 10:36:22",121
"2020-07-19 10:45:59",121
"2020-07-19 10:55:37",121
"2020-07-19 11:05:12",121
"2020-07-19 11:14:46",121
"2020-07-19 11:24:21",121
"2020-07-19 11:33:56",121
"2020-07-19 11:43:33",121
"2020-07-19 11:53:09",121
"2020-07-19 12:02:44",121
"2020-07-19 12:12:20",121
"2020-07-19 12:16:02",121
"2020-07-19 12:21:06",121
"2020-07-19 12:41:08",121
"2020-07-19 12:50:48",121
"2020-07-19 13:00:22",121
"2020-07-19 13:09:58",121
"2020-07-19 13:19:34",121
"2020-07-19 13:29:12",121
"2020-07-19 13:38:48",121
"2020-07-19 13:48:22",121
"2020-07-19 13:57:57",121
"2020-07-19 14:07:32",121
"2020-07-19 14:17:06",121
"2020-07-19 14:26:40",121
"2020-07-19 14:36:16",121
"2020-07-19 14:45:51",121
"2020-07-19 14:55:25",121
"2020-07-19 15:05:02",121
"2020-07-19 15:14:38",121
"2020-07-19 15:24:14",121
"2020-07-19 15:33:50",121
"2020-07-19 15:43:24",121
"2020-07-19 15:52:59",121
"2020-07-19 16:03:14",121
"2020-07-19 16:05:40",121
"2020-07-19 16:21:50",121
"2020-07-19 16:31:25",121
"2020-07-19 16:41:00",121
"2020-07-19 16:50:40",121
"2020-07-19 17:00:18",121
"2020-07-19 17:09:56",121
"2020-07-19 17:19:31",121
"2020-07-19 17:29:06",121
"2020-07-19 17:38:40",121
"2020-07-19 17:48:14",121
"2020-07-19 17:57:48",121
"2020-07-19 18:07:23",121
"2020-07-19 18:16:58",121
"2020-07-19 18:26:33",121
"2020-07-19 18:36:09",121
"2020-07-19 18:45:44",121
"2020-07-19 18:55:18",121
"2020-07-19 19:04:54",121
"2020-07-19 19:12:29",121
"2020-07-19 19:20:04",121
"2020-07-19 19:27:39",121
"2020-07-19 19:35:15",121
"2020-07-19 19:43:59",121
"2020-07-19 19:46:12",121
"2020-07-19 19:48:20",121
"2020-07-19 20:05:38",121
"2020-07-19 20:13:13",121
"2020-07-19 20:20:49",121
"2020-07-19 20:28:24",121
"2020-07-19 20:35:59",121
"2020-07-19 20:43:36",121
"2020-07-19 20:51:11",121
"2020-07-19 20:58:46",121
"2020-07-19 21:06:23",121
"2020-07-19 21:13:57",121
"2020-07-19 21:21:31",121
"2020-07-19 21:29:04",121
"2020-07-19 21:36:39",121
"2020-07-19 21:44:13",121
"2020-07-19 21:51:48",121
"2020-07-19 21:59:24",121
"2020-07-19 22:07:01",121
"2020-07-19 22:14:37",121
"2020-07-19 22:22:11",121
"2020-07-19 22:29:45",121
"2020-07-19 22:37:20",121
"2020-07-19 22:45:00",121
"2020-07-19 22:48:40",121
"2020-07-19 22:54:13",121
"2020-07-19 23:07:40",121
"2020-07-19 23:17:14",121
"2020-07-19 23:26:48",121
"2020-07-19 23:36:22",121
"2020-07-19 23:45:55",121
"2020-07-19 23:55:31",121
"2020-07-20 00:05:06",121
"2020-07-20 00:14:42",121
"2020-07-20 00:24:18",121
"2020-07-20 00:33:53",121
"2020-07-20 00:43:28",121
"2020-07-20 00:53:04",121
"2020-07-20 01:02:38",121
"2020-07-20 01:12:13",121
"2020-07-20 01:21:48",121
"2020-07-20 01:31:24",121
"2020-07-20 01:41:00",121
"2020-07-20 01:50:37",121
"2020-07-20 01:58:13",121
"2020-07-20 02:05:50",121
"2020-07-20 02:13:27",121
"2020-07-20 02:21:03",121
"2020-07-20 02:28:39",121
"2020-07-20 02:36:15",121
"2020-07-20 02:43:50",121
"2020-07-20 02:51:27",121
"2020-07-20 02:59:01",121
"2020-07-20 03:06:38",121
"2020-07-20 03:14:14",121
"2020-07-20 03:21:50",121
"2020-07-20 03:29:26",121
"2020-07-20 03:37:03",121
"2020-07-20 03:44:38",121
"2020-07-20 03:52:14",121
"2020-07-20 03:59:49",121
"2020-07-20 04:07:24",121
"2020-07-20 04:12:51",121
"2020-07-20 04:20:26",121
"2020-07-20 04:26:50",121
"2020-07-20 04:34:28",121
"2020-07-20 04:42:05",121
"2020-07-20 04:49:43",121
"2020-07-20 04:57:24",121
"2020-07-20 05:05:15",121
"2020-07-20 05:12:59",121
"2020-07-20 05:20:45",121
"2020-07-20 05:28:29",121
"2020-07-20 05:36:14",121
"2020-07-20 05:43:59",121
"2020-07-20 05:51:44",121
"2020-07-20 05:59:28",121
"2020-07-20 06:07:14",121
"2020-07-20 06:14:58",121
"2020-07-20 06:22:42",121
"2020-07-20 06:30:27",121
"2020-07-20 06:38:11",121
"2020-07-20 06:45:56",121
"2020-07-20 06:53:40",121
"2020-07-20 07:01:24",121
"2020-07-20 07:09:07",121
"2020-07-20 07:16:49",121
"2020-07-20 07:24:33",121
"2020-07-20 07:32:15",121
"2020-07-20 07:39:58",121
"2020-07-20 07:47:42",121
"2020-07-20 07:55:26",121
"2020-07-20 08:03:11",121
"2020-07-20 08:10:54",121
"2020-07-20 08:18:37",121
"2020-07-20 08:26:19",121
"2020-07-20 08:34:00",121
"2020-07-20 08:41:43",121
"2020-07-20 08:49:26",121
"2020-07-20 08:57:10",121
"2020-07-20 09:04:56",121
"2020-07-20 09:12:40",121
"2020-07-20 09:20:23",121
"2020-07-20 09:28:06",121
"2020-07-20 09:35:50",121
"2020-07-20 09:43:34",121
"2020-07-20 09:51:17",121
"2020-07-20 09:59:00",121
"2020-07-20 10:06:46",121
"2020-07-20 10:14:31",121
"2020-07-20 10:22:14",121
"2020-07-20 10:29:57",121
"2020-07-20 10:37:44",121
"2020-07-20 10:45:29",121
"2020-07-20 10:53:14",121
"2020-07-20 11:01:00",121
"2020-07-20 11:08:45",121
"2020-07-20 11:16:30",121
"2020-07-20 11:24:13",121
"2020-07-20 11:31:57",121
"2020-07-20 11:39:39",121
"2020-07-20 11:47:22",121
"2020-07-20 11:55:06",121
"2020-07-20 12:02:50",121
"2020-07-20 12:10:35",121
"2020-07-20 12:18:21",121
"2020-07-20 12:26:05",121
"2020-07-20 12:33:51",121
"2020-07-20 12:41:35",121
"2020-07-20 12:49:18",121
"2020-07-20 12:57:01",121
"2020-07-20 13:04:47",121
"2020-07-20 13:12:34",121
"2020-07-20 13:20:17",121
"2020-07-20 13:28:06",121
"2020-07-20 13:35:52",121
"2020-07-20 13:43:39",121
"2020-07-20 13:51:25",121
"2020-07-20 13:59:10",121
"2020-07-20 14:06:54",121
"2020-07-20 14:14:39",121
"2020-07-20 14:22:24",121
"2020-07-20 14:41:31",121
"2020-07-20 15:41:35",126
"2020-07-20 16:41:30",126
"2020-07-20 17:41:27",127
"2020-07-20 18:41:35",127
"2020-07-20 19:41:37",128
"2020-07-20 20:41:36",128
"2020-07-20 21:41:36",128
"2020-07-20 22:41:33",128
"2020-07-20 23:41:30",128
"2020-07-21 00:41:30",128
"2020-07-21 01:41:34",128
"2020-07-21 02:41:34",128
"2020-07-21 03:41:35",128
"2020-07-21 04:41:38",128
"2020-07-21 05:41:36",128
"2020-07-21 06:41:39",128
"2020-07-21 07:41:35",128
"2020-07-21 08:41:33",128
"2020-07-21 09:41:28",128
"2020-07-21 10:41:30",128
"2020-07-21 11:41:31",128
"2020-07-21 12:41:28",128
"2020-07-21 13:41:33",128
"2020-07-21 14:41:30",128
"2020-07-21 15:41:28",128
"2020-07-21 16:41:37",127
"2020-07-21 17:41:38",127
"2020-07-21 18:41:32",128
"2020-07-21 19:41:28",128
"2020-07-21 20:41:33",128
"2020-07-21 21:41:26",128
"2020-07-21 22:41:34",128
"2020-07-21 23:41:36",128
"2020-07-22 00:41:33",128
"2020-07-22 01:41:30",128
"2020-07-22 02:41:26",128
"2020-07-22 03:41:37",128
"2020-07-22 04:41:26",128
"2020-07-22 05:41:26",128
"2020-07-22 06:41:26",128
"2020-07-22 07:41:25",128
"2020-07-22 08:41:25",128
"2020-07-22 09:41:26",128
"2020-07-22 10:41:26",128
"2020-07-22 11:41:24",128
"2020-07-22 12:41:29",128
"2020-07-22 13:41:31",128
"2020-07-22 14:41:29",129
"2020-07-22 15:41:28",129
"2020-07-22 16:41:34",128
"2020-07-22 17:41:29",128
"2020-07-22 18:41:34",130
"2020-07-22 19:41:26",130
"2020-07-22 20:41:32",130
"2020-07-22 21:41:30",130
"2020-07-22 22:41:32",130
"2020-07-22 23:41:25",130
"2020-07-23 00:41:29",130
"2020-07-23 01:41:33",130
"2020-07-23 02:41:31",130
"2020-07-23 03:41:31",130
"2020-07-23 04:41:27",130
"2020-07-23 05:41:34",130
"2020-07-23 06:41:24",130
"2020-07-23 07:41:28",130
"2020-07-23 08:41:29",130
"2020-07-23 09:41:32",130
"2020-07-23 10:41:35",130
"2020-07-23 11:41:31",130
"2020-07-23 13:07:24",130
"2020-07-23 13:41:45",130
"2020-07-23 14:41:32",130
"2020-07-23 15:41:37",130
"2020-07-23 16:41:29",130
"2020-07-23 17:41:32",130
"2020-07-23 18:41:30",130
"2020-07-23 19:41:36",130
"2020-07-23 20:41:32",131
"2020-07-23 21:41:34",131
"2020-07-23 22:41:33",131
"2020-07-23 23:41:27",131
"2020-07-24 00:41:39",131
"2020-07-24 01:41:31",131
"2020-07-24 02:41:31",131
"2020-07-24 03:41:34",131
"2020-07-24 04:41:31",131
"2020-07-24 05:41:37",131
"2020-07-24 06:41:27",131
"2020-07-24 07:41:37",131
"2020-07-24 08:41:33",131
"2020-07-24 09:41:36",131
"2020-07-24 10:41:33",131
"2020-07-24 11:41:32",131
"2020-07-24 12:41:35",131
"2020-07-24 13:41:30",131
"2020-07-24 14:41:32",132
"2020-07-24 15:41:38",131
"2020-07-24 16:41:33",131
"2020-07-24 17:41:28",131
"2020-07-24 18:41:33",131
"2020-07-24 19:41:30",131
"2020-07-24 20:41:35",131
"2020-07-24 21:41:27",131
"2020-07-24 22:41:34",131
"2020-07-24 23:41:33",131
"2020-07-25 00:41:30",131
"2020-07-25 01:41:29",131
"2020-07-25 02:41:32",131
"2020-07-25 03:41:35",131
"2020-07-25 04:41:32",131
"2020-07-25 05:41:34",131
"2020-07-25 06:41:31",131
"2020-07-25 07:41:39",131
"2020-07-25 08:41:37",131
"2020-07-25 09:41:31",131
"2020-07-25 10:41:28",131
"2020-07-25 11:41:37",131
"2020-07-25 12:41:33",131
"2020-07-25 13:41:36",131
"2020-07-25 14:41:32",131
"2020-07-25 15:41:33",131
"2020-07-25 16:41:35",131
"2020-07-25 17:41:33",131
"2020-07-25 18:41:33",131
"2020-07-25 19:41:30",131
"2020-07-25 20:41:37",131
"2020-07-25 21:41:33",131
"2020-07-25 22:41:32",131
"2020-07-25 23:41:33",131
"2020-07-26 00:41:32",131
"2020-07-26 01:41:35",131
"2020-07-26 02:41:37",131
"2020-07-26 03:41:32",131
"2020-07-26 04:41:33",131
"2020-07-26 05:41:34",131
"2020-07-26 06:41:33",131
"2020-07-26 07:41:32",131
"2020-07-26 08:41:32",131
"2020-07-26 09:41:33",131
"2020-07-26 10:41:30",131
"2020-07-26 11:41:35",131
"2020-07-26 12:41:38",131
"2020-07-26 13:41:39",131
"2020-07-26 14:41:29",131
"2020-07-26 15:41:34",131
"2020-07-26 16:41:33",131
"2020-07-26 17:41:32",131
"2020-07-26 18:41:35",131
"2020-07-26 19:41:32",131
"2020-07-26 20:41:33",131
"2020-07-26 21:41:37",131
"2020-07-26 22:41:37",131
"2020-07-26 23:41:33",131
"2020-07-27 00:41:37",131
"2020-07-27 01:41:33",131
"2020-07-27 02:41:39",131
"2020-07-27 03:41:40",131
"2020-07-27 04:41:35",131
"2020-07-27 05:41:41",131
"2020-07-27 06:41:37",131
"2020-07-27 07:41:37",131
"2020-07-27 08:41:34",131
"2020-07-27 09:41:34",131
"2020-07-27 10:41:28",131
"2020-07-27 11:41:36",131
"2020-07-27 12:41:34",131
"2020-07-27 13:41:34",131
"2020-07-27 14:41:36",131
"2020-07-27 15:41:38",131
"2020-07-27 16:41:39",131
"2020-07-27 17:41:40",131
"2020-07-27 18:41:39",132
"2020-07-27 19:41:33",132
"2020-07-27 20:41:40",131
"2020-07-27 21:41:34",131
"2020-07-27 22:41:35",131
"2020-07-27 23:41:36",131
"2020-07-28 00:41:44",131
"2020-07-28 01:41:40",131
"2020-07-28 02:41:45",131
"2020-07-28 03:41:42",131
"2020-07-28 04:41:45",131
"2020-07-28 07:03:41",131
"2020-07-28 07:05:01",131
"2020-07-28 07:41:35",131
"2020-07-28 08:41:31",131
"2020-07-28 09:41:34",131
"2020-07-28 10:41:35",131
"2020-07-28 11:41:35",131
"2020-07-28 13:10:55",131
"2020-07-28 13:41:35",131
"2020-07-28 14:41:30",131
"2020-07-28 15:41:34",131
"2020-07-28 16:41:34",131
"2020-07-28 17:41:28",131
"2020-07-28 18:41:30",131
"2020-07-28 19:41:35",131
"2020-07-28 20:41:33",132
"2020-07-28 21:41:30",132
"2020-07-28 22:41:36",132
"2020-07-28 23:41:38",132
"2020-07-29 00:41:32",132
"2020-07-29 01:41:39",132
"2020-07-29 02:41:28",132
"2020-07-29 03:41:32",132
"2020-07-29 04:41:29",132
"2020-07-29 05:41:38",132
"2020-07-29 06:41:28",132
"2020-07-29 07:41:34",132
"2020-07-29 08:41:34",132
"2020-07-29 09:41:35",132
"2020-07-29 10:41:38",132
"2020-07-29 11:41:37",132
"2020-07-29 13:13:26",132
"2020-07-29 13:41:37",132
"2020-07-29 14:41:39",132
"2020-07-29 15:41:38",131
"2020-07-29 16:41:55",131
"2020-07-29 17:41:40",131
"2020-07-29 18:41:38",131
"2020-07-29 19:41:37",131
"2020-07-29 20:41:39",132
"2020-07-29 21:41:38",132
"2020-07-29 22:41:39",132
"2020-07-29 23:41:39",132
"2020-07-30 00:41:38",132
"2020-07-30 01:41:40",132
"2020-07-30 02:41:39",132
"2020-07-30 03:41:38",132
"2020-07-30 04:41:39",132
"2020-07-30 05:41:37",132
"2020-07-30 06:41:35",132
"2020-07-30 07:41:38",132
"2020-07-30 08:41:42",132
"2020-07-30 09:41:36",132
"2020-07-30 10:41:35",132
"2020-07-30 11:41:37",132
"2020-07-30 13:05:56",132
"2020-07-30 13:41:42",132
"2020-07-30 14:41:40",130
"2020-07-30 15:41:40",130
"2020-07-30 16:41:34",130
"2020-07-30 17:41:40",130
"2020-07-30 18:41:40",131
"2020-07-30 19:41:39",132
"2020-07-30 20:41:34",132
"2020-07-30 21:41:37",132
"2020-07-30 22:41:38",132
"2020-07-30 23:41:32",132
"2020-07-31 00:41:42",132
"2020-07-31 01:41:32",132
"2020-07-31 02:41:38",132
"2020-07-31 03:41:35",132
"2020-07-31 04:41:31",132
"2020-07-31 05:41:34",132
"2020-07-31 06:41:29",132
"2020-07-31 07:41:38",132
"2020-07-31 08:41:35",132
"2020-07-31 09:41:33",132
"2020-07-31 10:41:30",132
"2020-07-31 11:41:29",132
"2020-07-31 12:41:29",132
"2020-07-31 13:41:40",132
"2020-07-31 14:41:30",133
"2020-07-31 15:41:32",134
"2020-07-31 16:41:38",134
"2020-07-31 17:41:33",134
"2020-07-31 18:41:34",134
"2020-07-31 19:41:35",134
"2020-07-31 20:41:33",134
"2020-07-31 21:41:36",134
"2020-07-31 22:41:33",134
"2020-07-31 23:41:36",134
"2020-08-01 00:41:38",134
"2020-08-01 01:41:29",134
"2020-08-01 02:41:29",134
"2020-08-01 03:41:34",134
"2020-08-01 04:41:36",134
"2020-08-01 05:41:34",134
"2020-08-01 06:41:34",134
"2020-08-01 07:41:38",134
"2020-08-01 08:41:38",134
"2020-08-01 09:41:36",134
"2020-08-01 10:41:33",134
"2020-08-01 11:41:32",134
"2020-08-01 12:41:33",134
"2020-08-01 13:41:34",134
"2020-08-01 14:41:29",134
"2020-08-01 15:41:48",134
"2020-08-01 16:41:40",134
"2020-08-01 17:41:33",134
"2020-08-01 18:41:32",134
"2020-08-01 19:41:33",134
"2020-08-01 20:41:32",134
"2020-08-01 21:41:32",134
"2020-08-01 22:41:31",134
"2020-08-01 23:41:34",134
"2020-08-02 00:41:39",134
"2020-08-02 01:41:33",134
"2020-08-02 02:41:28",134
"2020-08-02 03:41:39",134
"2020-08-02 04:41:29",134
"2020-08-02 05:41:35",134
"2020-08-02 06:41:36",134
"2020-08-02 07:41:36",134
"2020-08-02 08:41:36",134
"2020-08-02 09:41:37",134
"2020-08-02 10:41:37",134
"2020-08-02 11:41:28",134
"2020-08-02 12:41:33",134
"2020-08-02 13:41:31",134
"2020-08-02 14:41:29",134
"2020-08-02 15:41:39",134
"2020-08-02 16:41:28",134
"2020-08-02 17:41:34",134
"2020-08-02 18:41:33",134
"2020-08-02 19:41:34",134
"2020-08-02 20:41:30",134
"2020-08-02 21:41:33",134
"2020-08-02 22:41:35",134
"2020-08-02 23:41:36",134
"2020-08-03 00:41:37",134
"2020-08-03 01:41:36",134
"2020-08-03 02:41:33",134
"2020-08-03 03:41:34",134
"2020-08-03 04:41:32",134
"2020-08-03 05:41:38",134
"2020-08-03 06:41:29",134
"2020-08-03 07:41:34",134
"2020-08-03 08:41:33",134
"2020-08-03 09:41:38",134
"2020-08-03 10:41:35",134
"2020-08-03 11:41:31",134
"2020-08-03 12:41:36",134
"2020-08-03 13:41:37",134
"2020-08-03 14:41:33",132
"2020-08-03 15:41:40",132
"2020-08-03 16:41:35",133
"2020-08-03 17:41:35",132
"2020-08-03 18:41:32",134
"2020-08-03 19:41:35",133
"2020-08-03 20:41:32",133
"2020-08-03 21:41:31",133
"2020-08-03 22:41:32",133
"2020-08-03 23:41:37",133
"2020-08-04 00:41:39",133
"2020-08-04 01:41:38",133
"2020-08-04 02:41:37",133
"2020-08-04 03:41:37",133
"2020-08-04 04:41:45",133
"2020-08-04 05:41:33",133
"2020-08-04 06:41:35",133
"2020-08-04 07:41:30",133
"2020-08-04 08:41:41",133
"2020-08-04 09:41:33",133
"2020-08-04 10:41:28",133
"2020-08-04 11:41:32",133
"2020-08-04 12:41:28",133
"2020-08-04 13:41:41",133
"2020-08-04 14:41:34",139
"2020-08-04 15:41:36",142
"2020-08-04 16:41:34",147
"2020-08-04 17:41:36",149
"2020-08-04 18:41:43",150
"2020-08-04 19:41:30",150
"2020-08-04 20:41:34",151
"2020-08-04 21:41:36",151
"2020-08-04 22:41:35",151
"2020-08-04 23:41:41",151
"2020-08-05 00:41:38",151
"2020-08-05 01:41:39",151
"2020-08-05 02:41:32",151
"2020-08-05 03:41:40",151
"2020-08-05 04:41:38",151
"2020-08-05 05:41:35",151
"2020-08-05 06:41:28",151
"2020-08-05 07:41:29",151
"2020-08-05 08:41:36",151
"2020-08-05 09:41:41",151
"2020-08-05 10:41:33",151
"2020-08-05 11:41:34",151
"2020-08-05 13:09:28",151
"2020-08-05 13:41:46",151
"2020-08-05 14:41:37",146
"2020-08-05 15:41:33",146
"2020-08-05 16:41:34",145
"2020-08-05 17:41:33",145
"2020-08-05 18:41:35",145
"2020-08-05 19:41:38",144
"2020-08-05 20:41:32",144
"2020-08-05 21:41:35",144
"2020-08-05 22:41:38",144
"2020-08-05 23:41:36",144
"2020-08-06 00:41:44",144
"2020-08-06 01:41:36",144
"2020-08-06 02:41:35",144
"2020-08-06 03:41:38",144
"2020-08-06 04:41:35",144
"2020-08-06 05:41:47",144
"2020-08-06 06:41:38",144
"2020-08-06 07:41:39",144
"2020-08-06 08:41:43",144
"2020-08-06 09:41:34",144
"2020-08-06 10:41:40",144
"2020-08-06 11:41:33",144
"2020-08-06 12:41:39",144
"2020-08-06 13:41:31",144
"2020-08-06 14:41:29",146
"2020-08-06 15:41:35",146
"2020-08-06 16:41:39",146
"2020-08-06 17:41:34",144
"2020-08-06 18:41:34",143
"2020-08-06 19:41:36",144
"2020-08-06 20:41:38",144
"2020-08-06 21:41:36",144
"2020-08-06 22:41:30",144
"2020-08-06 23:41:40",144
"2020-08-07 00:41:36",144
"2020-08-07 01:41:37",144
"2020-08-07 02:41:35",144
"2020-08-07 03:41:32",144
"2020-08-07 04:41:39",144
"2020-08-07 05:41:37",144
"2020-08-07 06:41:31",144
"2020-08-07 07:41:37",144
"2020-08-07 08:41:35",144
"2020-08-07 09:41:33",144
"2020-08-07 10:41:34",144
"2020-08-07 11:41:29",144
"2020-08-07 12:41:29",144
"2020-08-07 13:41:33",144
"2020-08-07 14:41:29",145
"2020-08-07 15:41:38",144
"2020-08-07 16:41:33",144
"2020-08-07 17:41:33",144
"2020-08-07 18:41:35",144
"2020-08-07 19:41:30",144
"2020-08-07 20:41:37",143
"2020-08-07 21:41:34",143
"2020-08-07 22:41:33",143
"2020-08-07 23:41:34",143
"2020-08-08 00:41:31",143
"2020-08-08 01:41:37",143
"2020-08-08 02:41:32",143
"2020-08-08 03:41:29",143
"2020-08-08 04:41:29",143
"2020-08-08 05:41:31",143
"2020-08-08 06:41:35",143
"2020-08-08 07:41:34",143
"2020-08-08 08:41:40",143
"2020-08-08 09:41:32",143
"2020-08-08 10:41:34",143
"2020-08-08 11:41:36",143
"2020-08-08 12:41:33",143
"2020-08-08 13:41:34",143
"2020-08-08 14:41:34",143
"2020-08-08 15:41:34",143
"2020-08-08 16:41:34",143
"2020-08-08 17:41:32",143
"2020-08-08 18:41:30",143
"2020-08-08 19:41:35",143
"2020-08-08 20:41:40",143
"2020-08-08 21:41:35",143
"2020-08-08 22:41:34",143
"2020-08-08 23:41:39",143
"2020-08-09 00:41:42",143
"2020-08-09 01:41:35",143
"2020-08-09 02:41:38",143
"2020-08-09 03:41:41",143
"2020-08-09 04:41:34",143
"2020-08-09 05:41:41",143
"2020-08-09 06:41:36",143
"2020-08-09 07:41:37",143
"2020-08-09 08:41:30",143
"2020-08-09 09:41:35",143
"2020-08-09 10:41:32",143
"2020-08-09 11:41:28",143
"2020-08-09 12:41:34",143
"2020-08-09 13:41:40",143
"2020-08-09 14:41:37",143
"2020-08-09 15:41:34",143
"2020-08-09 16:41:40",143
"2020-08-09 17:41:34",143
"2020-08-09 18:41:36",143
"2020-08-09 19:41:38",143
"2020-08-09 20:41:36",143
"2020-08-09 21:41:35",143
"2020-08-09 22:41:35",143
"2020-08-09 23:41:35",143
"2020-08-10 00:41:39",143
"2020-08-10 01:41:36",143
"2020-08-10 02:41:38",143
"2020-08-10 03:41:33",143
"2020-08-10 04:41:31",143
"2020-08-10 05:41:33",143
"2020-08-10 06:41:28",143
"2020-08-10 07:41:29",143
"2020-08-10 08:41:38",143
"2020-08-10 09:41:33",143
"2020-08-10 10:41:35",143
"2020-08-10 11:41:34",143
"2020-08-10 12:41:28",143
"2020-08-10 13:41:37",143
"2020-08-10 14:41:35",143
"2020-08-10 15:41:40",142
"2020-08-10 16:41:35",142
"2020-08-10 17:41:38",141
"2020-08-10 18:41:36",140
"2020-08-10 19:41:39",139
"2020-08-10 20:41:32",139
"2020-08-10 21:41:38",139
"2020-08-10 22:41:30",139
"2020-08-10 23:41:32",139
